6.95328e-310
6.95328e-310
6.95328e-310
6.95328e-310
4.9863
4.9863
4.97946
4.97946
4.97946
4.97946
4.9941
4.9941
4.98483
4.98483
4.98532
4.98532
4.9863
4.9863
4.97946
4.97946
4.99118
4.99118
4.99118
4.99118
4.98483
4.98483
4.98532
4.98532
4.9863
4.9863
4.97946
4.97946
4.99118
4.99118
4.99264
4.99264
4.99215
4.99215
4.97751
4.97751
4.97946
4.97946
4.99801
4.99801
4.98727
4.98727
4.98532
4.98532
4.97751
4.97751
4.97946
4.97946
4.98727
4.98727
4.98337
4.98337
4.98288
4.98288
4.99313
4.99313
4.98532
4.98532
4.98971
4.98971
4.98971
4.98971
4.99654
4.99654
4.97849
4.97849
4.99654
4.99654
4.98727
4.98727
4.98776
4.98776
4.97995
4.97995
4.98678
4.98678
4.9941
4.9941
4.98483
4.98483
4.98434
4.98434
4.99898
4.99898
4.97849
4.97849
4.9902
4.9902
4.98825
4.98825
4.9863
4.9863
4.98874
4.98874
4.99118
4.99118
4.98386
4.98386
4.98386
4.98386
4.98288
4.98288
4.99069
4.99069
4.98581
4.98581
4.99069
4.99069
4.99264
4.99264
4.98483
4.98483
4.98386
4.98386
4.98727
4.98727
4.97702
4.97702
4.98971
4.98971
4.99264
4.99264
4.98971
4.98971
4.97995
4.97995
4.98581
4.98581
4.99215
4.99215
4.98678
4.98678
4.98581
4.98581
4.9863
4.9863
4.98239
4.98239
4.98727
4.98727
4.98434
4.98434
4.97995
4.97995
4.99557
4.99557
4.99654
4.99654
4.978
4.978
4.98142
4.98142
4.98532
4.98532
4.99166
4.99166
4.98581
4.98581
4.98727
4.98727
4.98239
4.98239
4.99606
4.99606
4.97702
4.97702
4.98239
4.98239
4.99166
4.99166
4.98142
4.98142
4.9863
4.9863
4.98727
4.98727
5.00289
5.00289
4.98288
4.98288
4.98874
4.98874
4.9902
4.9902
4.98434
4.98434
4.98337
4.98337
4.98386
4.98386
4.98483
4.98483
4.99069
4.99069
4.97946
4.97946
4.98678
4.98678
4.98581
4.98581
4.98532
4.98532
4.98386
4.98386
4.99069
4.99069
4.98386
4.98386
4.99654
4.99654
4.98581
4.98581
4.98386
4.98386
4.97605
4.97605
4.98776
4.98776
4.98874
4.98874
4.98386
4.98386
4.98971
4.98971
4.99069
4.99069
4.98288
4.98288
4.98678
4.98678
4.97995
4.97995
4.97702
4.97702
4.99362
4.99362
4.97702
4.97702
4.98971
4.98971
4.98825
4.98825
4.9819
4.9819
4.98288
4.98288
4.98922
4.98922
4.97751
4.97751
4.98142
4.98142
4.99654
4.99654
4.97702
4.97702
4.97995
4.97995
4.99166
4.99166
4.98288
4.98288
4.99654
4.99654
4.98386
4.98386
4.98386
4.98386
4.97556
4.97556
4.98825
4.98825
4.99118
4.99118
4.98727
4.98727
4.98776
4.98776
4.98483
4.98483
4.98971
4.98971
4.98776
4.98776
4.99069
4.99069
4.98434
4.98434
4.98044
4.98044
4.98337
4.98337
4.98776
4.98776
4.98142
4.98142
4.9902
4.9902
4.98532
4.98532
4.98874
4.98874
4.98288
4.98288
4.98581
4.98581
4.99118
4.99118
4.98678
4.98678
4.9819
4.9819
4.98727
4.98727
4.9941
4.9941
4.98971
4.98971
4.98483
4.98483
4.98532
4.98532
4.98971
4.98971
4.98727
4.98727
4.99996
4.99996
4.99606
4.99606
5.01753
5.01753
4.96824
4.96824
4.9819
4.9819
4.99313
4.99313
5.00484
5.00484
4.96726
4.96726
4.98044
4.98044
4.99703
4.99703
5.00338
5.00338
4.99508
4.99508
4.94774
4.94774
4.99166
4.99166
4.97458
4.97458
4.99459
4.99459
4.95946
4.95946
4.99069
4.99069
4.99898
4.99898
5.00289
5.00289
4.9902
4.9902
4.98581
4.98581
4.98922
4.98922
4.97702
4.97702
4.97654
4.97654
4.97995
4.97995
4.98434
4.98434
4.98142
4.98142
4.99166
4.99166
4.98727
4.98727
4.98727
4.98727
4.98386
4.98386
4.98922
4.98922
4.98874
4.98874
4.98483
4.98483
4.97312
4.97312
4.98483
4.98483
4.978
4.978
4.98239
4.98239
4.98922
4.98922
4.98142
4.98142
4.98044
4.98044
4.98727
4.98727
4.99166
4.99166
4.99703
4.99703
4.98581
4.98581
4.98727
4.98727
4.98142
4.98142
5.00289
5.00289
4.9697
4.9697
4.97898
4.97898
4.9902
4.9902
4.9863
4.9863
4.9819
4.9819
4.99606
4.99606
4.99898
4.99898
4.98727
4.98727
4.99166
4.99166
4.99362
4.99362
4.98825
4.98825
4.97946
4.97946
6.5845
6.5845
8.7844
8.7844
7.04322
7.04322
2.72588
2.72588
6.37514
6.37514
7.11202
7.11202
2.59949
2.59949
3.90635
3.90635
4.54612
4.54612
4.4207
4.4207
2.69026
2.69026
2.1027
2.1027
4.1933
4.1933
3.6848
3.6848
3.89025
3.89025
4.74718
4.74718
4.7501
4.7501
4.63201
4.63201
6.29072
6.29072
4.59394
4.59394
5.57141
5.57141
5.32058
5.32058
6.31073
6.31073
5.03217
5.03217
5.20931
5.20931
4.46658
4.46658
4.94482
4.94482
5.23078
5.23078
4.69789
4.69789
5.25811
5.25811
4.00493
4.00493
4.49586
4.49586
4.87308
4.87308
4.98434
4.98434
4.79012
4.79012
5.10049
5.10049
5.30252
5.30252
4.97556
4.97556
4.82477
4.82477
5.12879
5.12879
5.61582
5.61582
5.54359
5.54359
5.43965
5.43965
5.12879
5.12879
5.19565
5.19565
5.03119
5.03119
4.75157
4.75157
4.77402
4.77402
4.95946
4.95946
5.00142
5.00142
5.01118
5.01118
4.50854
4.50854
4.78329
4.78329
4.8843
4.8843
5.0634
5.0634
4.95555
4.95555
5.12342
5.12342
4.67495
4.67495
4.98874
4.98874
4.8765
4.8765
5.37035
5.37035
5.00045
5.00045
5.43916
5.43916
5.17222
5.17222
5.35669
5.35669
5.12391
5.12391
5.14392
5.14392
4.96775
4.96775
4.79061
4.79061
5.1205
5.1205
5.11757
5.11757
5.08048
5.08048
4.86137
4.86137
4.9941
4.9941
4.79451
4.79451
4.71936
4.71936
4.7989
4.7989
5.09658
5.09658
5.05608
5.05608
4.85405
4.85405
4.98971
4.98971
4.91993
4.91993
5.02192
5.02192
5.10781
5.10781
4.97458
4.97458
5.0473
5.0473
4.93896
4.93896
5.07999
5.07999
5.19321
5.19321
5.1449
5.1449
5.26006
5.26006
5.0839
5.0839
5.00679
5.00679
4.9985
4.9985
4.83746
4.83746
4.98386
4.98386
4.95555
4.95555
5.00826
5.00826
4.95506
4.95506
4.94335
4.94335
4.92969
4.92969
4.98093
4.98093
4.81501
4.81501
4.93994
4.93994
4.9575
4.9575
4.92042
4.92042
4.96092
4.96092
4.86576
4.86576
4.9453
4.9453
4.9658
4.9658
4.89797
4.89797
4.97946
4.97946
4.99166
4.99166
4.93164
4.93164
5.06584
5.06584
4.88772
4.88772
4.98483
4.98483
5.05218
5.05218
4.9414
4.9414
5.0595
5.0595
5.0351
5.0351
4.98874
4.98874
5.04339
5.04339
4.99703
4.99703
5.01118
5.01118
5.06877
5.06877
4.93554
4.93554
5.0551
5.0551
4.98922
4.98922
4.9131
4.9131
5.04778
5.04778
4.95946
4.95946
4.97312
4.97312
5.05022
5.05022
4.93896
4.93896
4.98971
4.98971
5.00386
5.00386
4.93701
4.93701
5.05364
5.05364
4.96824
4.96824
4.89699
4.89699
5.03314
5.03314
4.89016
4.89016
4.98093
4.98093
4.9331
4.9331
4.92822
4.92822
4.99362
4.99362
4.97263
4.97263
4.94628
4.94628
5.0512
5.0512
4.95409
4.95409
4.94628
4.94628
5.03119
5.03119
4.90187
4.90187
5.05315
5.05315
5.04437
5.04437
4.93603
4.93603
5.06779
5.06779
5.00094
5.00094
4.9048
4.9048
5.07804
5.07804
4.94579
4.94579
4.98142
4.98142
5.03754
5.03754
4.93994
4.93994
5.06633
5.06633
4.9658
4.9658
4.95555
4.95555
5.01362
5.01362
4.90529
4.90529
4.90187
4.90187
5.06047
5.06047
4.93018
4.93018
4.98044
4.98044
4.98483
4.98483
4.90187
4.90187
5.04632
5.04632
4.94091
4.94091
4.95506
4.95506
5.04339
5.04339
4.93847
4.93847
4.95604
4.95604
5.09756
5.09756
4.93457
4.93457
5.0512
5.0512
4.99508
4.99508
4.89016
4.89016
5.03363
5.03363
5.0063
5.0063
4.95409
4.95409
5.07999
5.07999
4.95604
4.95604
5.00533
5.00533
5.00533
5.00533
5.02729
5.02729
4.90724
4.90724
5.00386
5.00386
5.00386
5.00386
4.95897
4.95897
4.95897
4.95897
4.90724
4.90724
5.00386
5.00386
5.00386
5.00386
4.95897
4.95897
5.0185
5.0185
5.01509
5.01509
4.91017
4.91017
5.0473
5.0473
4.94921
4.94921
4.93066
4.93066
5.05998
5.05998
4.97312
4.97312
5.00826
5.00826
5.07706
5.07706
4.92334
4.92334
4.9253
4.9253
5.05364
5.05364
4.95897
4.95897
5.00435
5.00435
5.01606
5.01606
4.87308
4.87308
4.96287
4.96287
4.95214
4.95214
4.90773
4.90773
5.08682
5.08682
5.02582
5.02582
4.90919
4.90919
5.02485
5.02485
4.9414
4.9414
4.87601
4.87601
5.02094
5.02094
4.9619
4.9619
4.99606
4.99606
4.99752
4.99752
4.90431
4.90431
5.02582
5.02582
5.039
5.039
4.88918
4.88918
5.01753
5.01753
5.04827
5.04827
4.9375
4.9375
5.05998
5.05998
4.99362
4.99362
4.90968
4.90968
5.06194
5.06194
4.95262
4.95262
4.91407
4.91407
5.00289
5.00289
4.92578
4.92578
4.92774
4.92774
5.07462
5.07462
4.94921
4.94921
4.91114
4.91114
5.0634
5.0634
4.94335
4.94335
4.96092
4.96092
5.10878
5.10878
4.91993
4.91993
4.99752
4.99752
5.06389
5.06389
4.86625
4.86625
4.86918
4.86918
5.07414
5.07414
5.0229
5.0229
4.86918
4.86918
5.04827
5.04827
4.93262
4.93262
4.96873
4.96873
5.03802
5.03802
4.92578
4.92578
4.99313
4.99313
5.01753
5.01753
4.90529
4.90529
5.01411
5.01411
5.06438
5.06438
4.89309
4.89309
4.9863
4.9863
5.00191
5.00191
4.90968
4.90968
5.03119
5.03119
4.96531
4.96531
4.87552
4.87552
5.039
5.039
4.95897
4.95897
4.86625
4.86625
5.07267
5.07267
5.07462
5.07462
4.88821
4.88821
5.07804
5.07804
5.04242
5.04242
4.87747
4.87747
5.01509
5.01509
5.06047
5.06047
4.93262
4.93262
5.05218
5.05218
4.9497
4.9497
4.90919
4.90919
5.0673
5.0673
4.95555
4.95555
4.87552
4.87552
5.02046
5.02046
4.99703
4.99703
4.94579
4.94579
5.02143
5.02143
4.93994
4.93994
4.97019
4.97019
5.03949
5.03949
4.89455
4.89455
5.01606
5.01606
5.0717
5.0717
4.93701
4.93701
4.95799
4.95799
5.03119
5.03119
4.917
4.917
5.00972
5.00972
4.99898
4.99898
4.90529
4.90529
5.07658
5.07658
5.02778
5.02778
4.92237
4.92237
5.08682
5.08682
5.00533
5.00533
4.92334
4.92334
5.03656
5.03656
5.01411
5.01411
4.90334
4.90334
5.0717
5.0717
4.96726
4.96726
4.90285
4.90285
5.06389
5.06389
4.99264
4.99264
4.97458
4.97458
5.0351
5.0351
4.917
4.917
4.9292
4.9292
4.97898
4.97898
4.94921
4.94921
5.0024
5.0024
5.01997
5.01997
4.91651
4.91651
5.01704
5.01704
4.9985
4.9985
4.90968
4.90968
5.08926
5.08926
5.02973
5.02973
4.91651
4.91651
5.01411
5.01411
5.03119
5.03119
4.97019
4.97019
5.06438
5.06438
4.95653
4.95653
4.95067
4.95067
5.03266
5.03266
4.94189
4.94189
4.98483
4.98483
5.03949
5.03949
4.89553
4.89553
5.01021
5.01021
5.00289
5.00289
4.94677
4.94677
4.95311
4.95311
5.04681
5.04681
4.91846
4.91846
5.01704
5.01704
5.0024
5.0024
4.92383
4.92383
5.07121
5.07121
4.99947
4.99947
4.90431
4.90431
5.07023
5.07023
4.95604
4.95604
4.87894
4.87894
5.02094
5.02094
5.01753
5.01753
4.94384
4.94384
5.06535
5.06535
4.95555
4.95555
4.9575
4.9575
5.06389
5.06389
4.93506
4.93506
4.98239
4.98239
5.08243
5.08243
4.87552
4.87552
5.00874
5.00874
5.07804
5.07804
4.93262
