6.95328e-310
6.95328e-310
6.95328e-310
6.95328e-310
3.98751
3.98751
3.98751
3.98751
3.98751
3.98751
3.98751
3.98751
3.98751
3.98751
3.98751
3.98751
3.98751
3.98751
3.98751
3.98751
3.98751
3.98751
3.98751
3.98751
3.98751
3.98751
3.98751
3.98751
3.98751
3.98751
3.98751
3.98751
3.98751
3.98751
3.98751
3.98751
3.98751
3.98751
3.98751
3.98751
3.98751
3.98751
3.98751
3.98751
3.98751
3.98751
3.98751
3.98751
3.98751
3.98751
3.98751
3.98751
3.98751
3.98751
3.98751
3.98751
3.98751
3.98751
3.98751
3.98751
3.98751
3.98751
3.98751
3.98751
3.98751
3.98751
3.98751
3.98751
3.98751
3.98751
3.98751
3.98751
3.98751
3.98751
3.98751
3.98751
3.98751
3.98751
3.98751
3.98751
3.98751
3.98751
3.98751
3.98751
3.98751
3.98751
3.98751
3.98751
3.98751
3.98751
3.98751
3.98751
3.98751
3.98751
3.98751
3.98751
3.98751
3.98751
3.98751
3.98751
3.98751
3.98751
3.98751
3.98751
3.98751
3.98751
3.98751
3.98751
3.98751
3.98751
3.98751
3.98751
3.98751
3.98751
3.98751
3.98751
3.98751
3.98751
3.98751
3.98751
3.98751
3.98751
3.98751
3.98751
3.98751
3.98751
3.98751
3.98751
3.98751
3.98751
3.98751
3.98751
3.98751
3.98751
3.98751
3.98751
3.98751
3.98751
3.98751
3.98751
3.98751
3.98751
3.98751
3.98751
3.98751
3.98751
3.98751
3.98751
3.98751
3.98751
3.98751
3.98751
3.98751
3.98751
3.98751
3.98751
3.98751
3.98751
3.98751
3.98751
3.98751
3.98751
3.98751
3.98751
3.98751
3.98751
3.98751
3.98751
3.98751
3.98751
3.98751
3.98751
3.98751
3.98751
3.98751
3.98751
3.98751
3.98751
3.98751
3.98751
3.98751
3.98751
3.98751
3.98751
3.98751
3.98751
3.98751
3.98751
3.98751
3.98751
3.98751
3.98751
3.98751
3.98751
3.98751
3.98751
3.98751
3.98751
3.98751
3.98751
3.98751
3.98751
3.98751
3.98751
3.98751
3.98751
3.98751
3.98751
3.98751
3.98751
3.98751
3.98751
3.98751
3.98751
3.98751
3.98751
3.98751
3.98751
3.98751
3.98751
3.98751
3.98751
3.98751
3.98751
3.98751
3.98751
3.98751
3.98751
3.98751
3.98751
3.98751
3.98751
3.98751
3.98751
3.98751
3.98751
3.98751
3.98751
3.98751
3.98751
3.98751
3.98751
3.98751
3.98751
3.98751
3.98751
3.98751
3.98751
3.98751
3.98751
3.98751
3.98751
3.98751
3.98751
3.98751
3.98751
3.98751
3.98751
3.98751
3.98751
3.98751
3.98751
3.98751
3.98751
3.98751
3.98751
3.98751
3.98751
3.98751
3.98751
3.98751
3.98751
3.98751
3.98751
3.98751
3.98751
3.98751
3.98751
3.98751
3.98751
3.98751
3.98751
3.98751
3.98751
3.98751
3.98751
3.98751
3.98751
3.98751
3.98751
3.98751
3.98751
3.98751
3.98751
3.98751
3.98751
3.98751
3.98751
3.98751
3.98751
3.98751
3.98751
3.98751
3.98751
3.98751
3.98751
3.98751
3.98751
3.98751
3.98751
3.98751
3.98751
3.98751
3.98751
3.98751
3.98751
3.98751
3.98751
3.98751
3.98751
3.98751
3.98751
3.98751
3.98751
3.98751
3.98751
3.98751
3.98751
3.98751
3.98751
3.98751
3.98751
3.98751
3.98751
3.98751
3.98751
3.98751
3.98751
3.98751
3.98751
3.98751
3.98751
3.98751
3.98751
3.98751
3.98751
3.98751
3.98751
3.98751
3.98751
3.98751
3.98751
3.98751
3.98751
3.98751
3.98751
3.98751
3.98751
3.98751
3.98751
3.98751
3.98751
3.98751
3.98751
3.98751
3.98751
3.98751
3.98751
3.98751
3.98751
3.98751
3.98751
3.98751
3.98751
3.98751
3.98751
3.98751
3.98751
3.98751
3.98751
3.98751
3.98751
3.98751
3.98751
3.98751
3.98751
3.98751
3.98751
3.98751
3.98751
3.98751
3.98751
3.98751
3.98751
3.98751
3.98751
3.98751
3.98751
3.98751
3.98751
3.98751
3.98751
3.98751
3.98751
3.98751
3.98751
3.98751
3.98751
3.98751
3.98751
3.98751
3.98751
3.98751
3.98751
3.98751
3.98751
3.98751
3.98751
3.98751
3.98751
3.98751
3.98751
3.98751
3.98751
3.98751
3.98751
3.98751
3.98751
3.98751
3.98751
3.98751
3.98751
3.98751
3.98751
3.98751
3.98751
3.98751
3.98751
3.98751
3.98751
3.98751
3.98751
3.98751
3.98751
3.98751
3.98751
3.98751
3.98751
3.98751
3.98751
3.98751
3.98751
3.98751
3.98751
3.98751
3.98751
3.98751
3.98751
3.98751
3.98751
3.98751
3.98751
3.98751
3.98751
3.98751
3.98751
3.98751
3.98751
3.98751
3.98751
3.98751
3.98751
3.98751
3.98751
3.98751
3.98751
3.98751
3.98751
6.98799
6.98799
3.98751
3.98751
6.98798
6.98798
3.9875
3.9875
6.98795
6.98795
6.69363
6.69363
6.3828
6.3828
5.79824
5.79824
5.49811
5.49811
5.19833
5.19833
4.8953
4.8953
4.59894
4.59894
4.29902
4.29902
3.98746
3.98746
3.98746
3.98746
3.98746
3.98746
6.98794
6.98794
3.98744
3.98744
6.98792
6.98792
3.98742
3.98742
6.98789
6.98789
3.9874
3.9874
6.69358
6.69358
3.98738
3.98738
6.09481
6.09481
6.0948
6.0948
5.79819
5.79819
5.49806
5.49806
5.49805
5.49805
5.1983
5.1983
5.19829
5.19829
4.89527
4.89527
6.98785
6.98785
4.59892
4.59892
6.98782
6.98782
4.29899
4.29899
3.98725
3.98725
6.98778
6.98778
3.98723
3.98723
6.38274
6.38274
3.98721
3.98721
6.09478
6.09478
3.98719
3.98719
5.79818
5.79818
3.98717
3.98717
5.79815
5.79815
3.98716
3.98716
5.49802
5.49802
3.98714
3.98714
5.19826
5.19826
3.98712
3.98712
4.89524
4.89524
4.89523
4.89523
3.98709
3.98709
4.59889
4.59889
3.98709
3.98709
6.38268
6.38268
3.98707
3.98707
6.09475
6.09475
3.98705
3.98705
6.09473
6.09473
3.98703
3.98703
5.79813
5.79813
3.98702
3.98702
5.49801
5.49801
3.987
3.987
5.49799
5.49799
3.987
3.987
5.19824
5.19824
3.987
3.987
5.19822
5.19822
3.987
3.987
4.8952
4.8952
3.98699
3.98699
4.89518
4.89518
3.98699
3.98699
4.59886
4.59886
3.98699
3.98699
5.79808
5.79808
3.98697
3.98697
5.79806
5.79806
3.98695
3.98695
5.79803
5.79803
3.98695
3.98695
5.49796
5.49796
3.98695
3.98695
5.49794
5.49794
3.98695
3.98695
5.19819
5.19819
3.98694
3.98694
5.19817
5.19817
3.98694
3.98694
4.89517
4.89517
3.98694
3.98694
4.89515
4.89515
3.98694
3.98694
3.98694
3.98694
5.798
5.798
3.98692
3.98692
5.79798
5.79798
3.98692
3.98692
5.79795
5.79795
3.98691
3.98691
5.49791
5.49791
3.98691
3.98691
5.49789
5.49789
3.98691
3.98691
6.38251
6.38251
3.98689
3.98689
5.19814
5.19814
3.98689
3.98689
5.19812
5.19812
3.98689
3.98689
6.09459
6.09459
3.98687
3.98687
6.09456
6.09456
3.98685
3.98685
5.79794
5.79794
3.98685
3.98685
5.79791
5.79791
3.98684
3.98684
3.98684
3.98684
6.38249
6.38249
3.98682
3.98682
6.38246
6.38246
3.9868
3.9868
6.38243
6.38243
3.98679
3.98679
3.98678
3.98678
3.98678
3.98678
6.09455
6.09455
3.98676
3.98676
6.09452
6.09452
3.98675
3.98675
6.09449
6.09449
3.98673
3.98673
6.69325
6.69325
3.98671
3.98671
6.69322
6.69322
3.98669
3.98669
3.98669
3.98669
3.98668
3.98668
6.38237
6.38237
3.98666
3.98666
6.38234
6.38234
3.98665
3.98665
6.38231
6.38231
3.98663
3.98663
3.98662
3.98662
3.98662
3.98662
3.98662
3.98662
3.98662
3.98662
3.98661
3.98661
3.98661
3.98661
3.98661
3.98661
3.98661
3.98661
3.9866
3.9866
3.9866
3.9866
3.9866
3.9866
3.9866
3.9866
6.38208
6.38208
3.98658
3.98658
3.98658
3.98658
3.98657
3.98657
3.98657
3.98657
3.98657
3.98657
3.98657
3.98657
3.98656
3.98656
3.98656
3.98656
3.98656
3.98656
3.98656
3.98656
3.98655
3.98655
3.98655
3.98655
3.98655
3.98655
3.98655
3.98655
3.98654
3.98654
3.98654
3.98654
3.98654
3.98654
3.98654
3.98654
3.98654
3.98654
3.98654
3.98654
3.98616
3.98616
3.98616
3.98616
3.98616
3.98616
3.98616
3.98616
3.98616
3.98616
3.98616
3.98616
3.98616
3.98616
3.98616
3.98616
3.98616
3.98616
3.98616
3.98616
3.98615
3.98615
3.98615
3.98615
3.98615
3.98615
3.98615
3.98615
3.98615
3.98615
3.98615
3.98615
3.98615
3.98615
3.98615
3.98615
3.98615
3.98615
3.98615
3.98615
3.98615
3.98615
3.98615
3.98615
3.98615
3.98615
3.98615
3.98615
3.98615
3.98615
3.98615
3.98615
3.98615
3.98615
3.98615
3.98615
3.98615
3.98615
3.98615
3.98615
3.98615
3.98615
3.98615
3.98615
3.98615
3.98615
3.98615
3.98615
3.98615
3.98615
3.98615
3.98615
3.98615
3.98615
3.98615
3.98615
3.98615
3.98615
3.98615
3.98615
3.98615
3.98615
3.98614
3.98614
3.98614
3.98614
3.98614
3.98614
3.98614
3.98614
3.98614
3.98614
3.98614
3.98614
3.98614
3.98614
3.98614
3.98614
3.98614
3.98614
3.98614
3.98614
3.98614
3.98614
3.98614
3.98614
3.98614
3.98614
3.98614
3.98614
3.98614
3.98614
3.98614
3.98614
3.98614
3.98614
3.98614
3.98614
3.98614
3.98614
3.98614
3.98614
3.98614
3.98614
3.98614
3.98614
3.98614
3.98614
3.98614
3.98614
3.98614
3.98614
3.98614
3.98614
3.98614
3.98614
3.98614
3.98614
3.98614
3.98614
3.98614
3.98614
3.98614
3.98614
3.98614
3.98614
3.98613
3.98613
3.98613
3.98613
3.98613
3.98613
3.98613
3.98613
3.98613
3.98613
3.98613
3.98613
3.98613
3.98613
3.98613
3.98613
3.98613
3.98613
3.98613
3.98613
3.98613
3.98613
3.98613
3.98613
3.98613
3.98613
3.98613
3.98613
3.98613
3.98613
3.98613
3.98613
3.98613
3.98613
3.98613
3.98613
3.98613
3.98613
3.98613
3.98613
3.98613
3.98613
3.98613
3.98613
3.98613
3.98613
3.98613
3.98613
3.98613
3.98613
3.98613
3.98613
3.98613
3.98613
3.98613
3.98613
3.98613
3.98613
3.98613
3.98613
3.98613
3.98613
3.98613
3.98613
3.98613
3.98613
3.98612
3.98612
3.98612
3.98612
3.98612
3.98612
3.98612
3.98612
3.98612
3.98612
3.98612
3.98612
3.98612
3.98612
3.98612
3.98612
3.98612
3.98612
3.98612
3.98612
3.98612
3.98612
3.98612
3.98612
3.98612
3.98612
3.98612
3.98612
3.98612
3.98612
3.98612
3.98612
3.98612
3.98612
3.98612
3.98612
3.98612
3.98612
3.98612
3.98612
3.98612
3.98612
3.98612
3.98612
3.98612
3.98612
3.98612
3.98612
3.98612
3.98612
3.98612
3.98612
3.98612
3.98612
3.98612
3.98612
3.98612
3.98612
3.98612
3.98612
3.98612
3.98612
3.98612
3.98612
3.98612
3.98612
3.98612
3.98612
3.98612
3.98612
3.98612
3.98612
3.98612
3.98612
3.98612
3.98612
3.98612
3.98612
3.98612
3.98612
3.98612
3.98612
3.98612
3.98612
3.98612
3.98612
3.98612
3.98612
3.98612
3.98612
3.98612
3.98612
3.98612
3.98612
3.98612
3.98612
3.98612
3.98612
3.98612
3.98612
3.98612
3.98612
3.98612
3.98612
3.98612
3.98612
3.98612
3.98612
3.98612
3.98612
3.98612
3.98612
3.98612
3.98612
3.98612
3.98612
3.98612
3.98612
3.98612
3.98612
3.98612
3.98612
3.98612
3.98612
3.98612
3.98612
3.98612
3.98612
3.98612
3.98612
3.98612
3.98612
3.98612
3.98612
3.98612
3.98612
3.98612
3.98612
3.98612
3.98612
3.98612
3.98612
3.98612
3.98612
3.98612
3.98612
3.98612
3.98612
3.98612
3.98612
3.98612
3.98612
3.98612
3.98612
3.98612
3.98612
3.98612
3.98612
3.98612
3.98612
3.98612
3.98612
3.98612
3.98612
3.98612
3.98612
3.98612
3.98612
3.98612
3.98612
3.98612
