6.04818
6.04818
6.04184
6.04184
6.04086
6.04086
6.04038
6.04038
6.04184
6.04184
6.04379
6.04379
6.04379
6.04379
6.03794
6.03794
6.04428
6.04428
6.04721
6.04721
6.0355
6.0355
6.04038
6.04038
6.05209
6.05209
6.04233
6.04233
6.03647
6.03647
6.03647
6.03647
6.04184
6.04184
6.04965
6.04965
6.03403
6.03403
6.03745
6.03745
6.03794
6.03794
6.03842
6.03842
6.04574
6.04574
6.04233
6.04233
6.03647
6.03647
6.03794
6.03794
6.03989
6.03989
6.04038
6.04038
6.03891
6.03891
6.04184
6.04184
6.03062
6.03062
6.05404
6.05404
6.05306
6.05306
6.05941
6.05941
6.08137
6.08137
6.03989
6.03989
6.04818
6.04818
5.96181
5.96181
5.8769
5.8769
5.92423
5.92423
5.80174
5.80174
6.02037
6.02037
6.08918
6.08918
6.20337
6.20337
6.3483
6.3483
6.38198
6.38198
6.16384
6.16384
6.03598
6.03598
5.95254
5.95254
5.77051
5.77051
5.8647
5.8647
5.79979
5.79979
6.00134
6.00134
6.23704
6.23704
6.57718
6.57718
6.31073
6.31073
6.06526
6.06526
5.66462
5.66462
5.6285
5.6285
5.71342
5.71342
6.05258
6.05258
6.17702
6.17702
6.3605
6.3605
6.00231
6.00231
6.15652
6.15652
6.35026
6.35026
5.64656
5.64656
6.48738
6.48738
6.10821
6.10821
6.35367
6.35367
5.80126
5.80126
5.70268
5.70268
5.54506
5.54506
5.63778
5.63778
6.2141
6.2141
6.77628
6.77628
7.02077
7.02077
5.9457
5.9457
5.64412
5.64412
5.15563
5.15563
5.0795
5.0795
5.48357
5.48357
6.38637
6.38637
6.47372
6.47372
7.29551
7.29551
6.90755
6.90755
5.96181
5.96181
5.1488
5.1488
5.01167
5.01167
5.02046
5.02046
5.78662
5.78662
6.95342
6.95342
6.89291
6.89291
6.88022
6.88022
5.98182
5.98182
5.52895
5.52895
5.45185
5.45185
6.10333
6.10333
6.43907
6.43907
6.42199
6.42199
6.70503
6.70503
6.44151
6.44151
6.35221
6.35221
4.39874
4.39874
4.6691
4.6691
5.82468
5.82468
7.48632
7.48632
8.42523
8.42523
7.82792
7.82792
5.40793
5.40793
5.30447
5.30447
5.93887
5.93887
5.17857
5.17857
5.4499
5.4499
5.63387
5.63387
7.29698
7.29698
7.14277
7.14277
7.35944
7.35944
6.82606
6.82606
5.74562
5.74562
5.46746
5.46746
5.22346
5.22346
5.41232
5.41232
6.15554
6.15554
6.17067
6.17067
6.31951
6.31951
6.3039
6.3039
6.42834
6.42834
6.259
6.259
5.96571
5.96571
5.87446
5.87446
5.66462
5.66462
5.75587
5.75587
5.74221
5.74221
5.68316
5.68316
5.77539
5.77539
5.9379
5.9379
6.47274
6.47274
7.62589
7.62589
7.84793
7.84793
4.2338
4.2338
5.95498
5.95498
6.65965
6.65965
6.4703
6.4703
6.2507
6.2507
5.87641
5.87641
4.83355
4.83355
5.25518
5.25518
6.86412
6.86412
7.89966
7.89966
10.2494
10.2494
2.74198
2.74198
6.48934
6.48934
6.76945
6.76945
1.49807
1.49807
6.60743
6.60743
4.66861
4.66861
5.28837
5.28837
5.5109
5.5109
6.38881
6.38881
7.73569
7.73569
7.45655
7.45655
6.4625
6.4625
6.01744
6.01744
6.58206
6.58206
6.00768
6.00768
4.76084
4.76084
5.2098
5.2098
6.15213
6.15213
7.00857
7.00857
7.70592
7.70592
3.38761
3.38761
5.39134
5.39134
5.36596
5.36596
5.28056
5.28056
5.90862
5.90862
5.82858
5.82858
5.7261
5.7261
5.95205
5.95205
6.45225
6.45225
7.07933
7.07933
6.43614
6.43614
6.43761
6.43761
6.77091
6.77091
5.73538
5.73538
7.63223
7.63223
6.04086
6.04086
5.27275
5.27275
5.56897
5.56897
5.86616
5.86616
7.35456
7.35456
8.34715
8.34715
3.93368
3.93368
4.34604
4.34604
5.57824
5.57824
5.50797
5.50797
6.31854
6.31854
