3.9
3.9
3.97847
3.97847
3.97847
3.97847
3.97847
3.97847
3.97847
3.97847
3.97847
3.97847
3.97846
3.97846
3.97846
3.97846
3.97846
3.97846
3.97846
3.97846
3.97846
3.97846
3.97846
3.97846
3.97846
3.97846
3.97846
3.97846
3.97846
3.97846
3.97846
3.97846
3.97846
3.97846
3.97846
3.97846
3.97846
3.97846
3.97846
3.97846
3.97846
3.97846
3.97846
3.97846
3.97846
3.97846
3.97846
3.97846
3.97846
3.97846
3.97846
3.97846
3.97846
3.97846
3.97846
3.97846
3.97846
3.97846
3.97846
3.97846
3.97846
3.97846
3.97846
3.97846
3.97846
3.97846
3.97846
3.97846
3.97846
3.97846
3.97846
3.97846
3.97846
3.97846
3.97846
3.97846
3.97846
3.97846
3.97845
3.97845
3.97845
3.97845
3.97845
3.97845
3.97845
3.97845
3.97845
3.97845
3.97845
3.97845
3.97845
3.97845
3.97845
3.97845
3.97845
3.97845
3.97845
3.97845
3.97845
3.97845
3.97845
3.97845
3.97845
3.97845
3.97845
3.97845
3.97845
3.97845
3.97845
3.97845
3.97845
3.97845
3.97845
3.97845
3.97845
3.97845
3.97845
3.97845
3.97845
3.97845
3.97845
3.97845
3.97845
3.97845
3.97845
3.97845
3.97845
3.97845
3.97845
3.97845
3.97845
3.97845
3.97845
3.97845
3.97845
3.97845
3.97845
3.97845
3.97845
3.97845
3.97845
3.97845
3.97845
3.97845
3.97844
3.97844
3.97844
3.97844
3.97844
3.97844
3.97844
3.97844
3.97844
3.97844
3.97844
3.97844
3.97844
3.97844
3.97844
3.97844
3.97844
3.97844
3.97844
3.97844
3.97844
3.97844
3.97844
3.97844
3.97844
3.97844
3.97844
3.97844
3.97844
3.97844
3.97844
3.97844
3.97844
3.97844
3.97844
3.97844
3.97844
3.97844
3.97844
3.97844
3.97844
3.97844
3.97844
3.97844
3.97844
3.97844
3.97844
3.97844
3.97844
3.97844
3.97844
3.97844
3.97844
3.97844
3.97844
3.97844
3.97844
3.97844
3.97844
3.97844
3.97844
3.97844
3.97844
3.97844
3.97844
3.97844
3.97843
3.97843
3.97843
3.97843
3.97843
3.97843
3.97843
3.97843
3.97843
3.97843
3.97843
3.97843
3.97843
3.97843
3.97843
3.97843
3.97843
3.97843
3.97843
3.97843
3.97843
3.97843
3.97843
3.97843
3.97843
3.97843
3.97843
3.97843
3.97843
3.97843
3.97843
3.97843
3.97843
3.97843
3.97843
3.97843
3.97843
3.97843
3.97843
3.97843
3.97843
3.97843
3.97843
3.97843
3.97843
3.97843
3.97843
3.97843
3.97843
3.97843
3.97843
3.97843
3.97843
3.97843
3.97843
3.97843
3.97843
3.97843
3.97843
3.97843
3.97843
3.97843
3.97843
3.97843
3.97843
3.97843
3.97842
3.97842
3.97842
3.97842
3.97842
3.97842
3.97842
3.97842
3.97842
3.97842
3.97842
3.97842
3.97842
3.97842
3.97842
3.97842
3.97842
3.97842
3.97842
3.97842
3.97842
3.97842
3.97842
3.97842
3.97842
3.97842
3.97842
3.97842
3.97842
3.97842
3.97842
3.97842
3.97842
3.97842
3.97842
3.97842
3.97842
3.97842
3.97842
3.97842
3.97842
3.97842
3.97842
3.97842
3.97842
3.97842
3.97842
3.97842
3.97842
3.97842
3.97842
3.97842
3.97842
3.97842
3.97842
3.97842
3.97842
3.97842
3.97842
3.97842
3.97842
3.97842
3.97842
3.97842
3.97842
3.97842
3.97841
3.97841
3.97841
3.97841
3.97841
3.97841
3.97841
3.97841
3.97841
3.97841
3.97841
3.97841
3.97841
3.97841
3.97841
3.97841
3.97841
3.97841
3.97841
3.97841
3.97841
3.97841
3.97841
3.97841
3.97841
3.97841
3.97841
3.97841
3.97841
3.97841
3.97841
3.97841
3.97841
3.97841
3.97841
3.97841
3.97841
3.97841
3.97841
3.97841
3.97841
3.97841
3.97841
3.97841
3.97841
3.97841
3.97841
3.97841
3.97841
3.97841
3.97841
3.97841
