5.13758
5.13758
5.13758
5.13758
5.13758
5.12538
5.12538
5.12782
5.12782
5.11464
5.11464
5.1122
5.1122
5.12586
5.12586
5.13074
5.13074
5.12879
5.12879
5.13611
5.13611
5.10634
5.10634
5.14148
5.14148
5.1161
5.1161
5.12147
5.12147
5.11806
5.11806
5.11757
5.11757
5.11659
5.11659
5.12391
5.12391
5.12391
5.12391
5.15222
5.15222
5.1366
5.1366
5.11513
5.11513
5.10683
5.10683
5.12782
5.12782
5.08194
5.08194
5.17125
5.17125
5.14002
5.14002
5.13806
5.13806
5.13709
5.13709
5.14782
5.14782
5.11659
5.11659
5.08194
5.08194
5.14441
5.14441
5.08926
5.08926
5.14294
5.14294
5.11269
5.11269
5.14343
5.14343
5.11025
5.11025
5.14978
5.14978
5.09951
5.09951
5.10146
5.10146
5.14002
5.14002
5.1161
5.1161
5.11122
5.11122
5.11659
5.11659
5.14392
5.14392
5.12489
5.12489
5.13904
5.13904
5.12977
5.12977
5.11513
5.11513
5.11903
5.11903
5.1205
5.1205
5.12879
5.12879
5.13806
5.13806
5.12001
5.12001
5.12928
5.12928
5.12977
5.12977
5.1283
5.1283
5.11269
5.11269
5.12391
5.12391
5.12879
5.12879
5.1205
5.1205
5.12342
5.12342
5.13026
5.13026
5.12879
5.12879
5.12294
5.12294
5.1
5.1
5.12538
5.12538
5.13221
5.13221
5.12294
5.12294
5.11854
5.11854
5.11659
5.11659
5.13758
5.13758
5.1283
5.1283
5.12489
5.12489
5.10927
5.10927
5.12294
5.12294
5.13416
5.13416
5.12733
5.12733
5.12001
5.12001
5.11952
5.11952
5.13074
5.13074
5.12391
5.12391
5.12196
5.12196
5.11464
5.11464
5.1205
5.1205
5.12245
5.12245
5.12098
5.12098
5.11415
5.11415
5.11757
5.11757
5.11415
5.11415
5.12001
5.12001
5.11415
5.11415
5.10976
5.10976
5.12391
5.12391
5.12489
5.12489
5.12489
5.12489
5.12635
5.12635
5.12391
5.12391
5.12391
5.12391
5.12391
5.12391
5.1244
5.1244
5.12782
5.12782
5.1205
5.1205
5.11854
5.11854
5.12001
5.12001
5.13806
5.13806
5.12879
5.12879
5.12538
5.12538
5.12635
5.12635
5.12147
5.12147
5.12196
5.12196
5.1283
5.1283
5.14002
5.14002
5.12147
5.12147
5.14099
5.14099
5.11854
5.11854
5.13172
5.13172
5.12538
5.12538
5.11318
5.11318
5.12391
5.12391
5.12196
5.12196
5.11806
5.11806
5.12342
5.12342
5.13026
5.13026
5.1244
5.1244
5.1161
5.1161
5.12879
5.12879
5.11806
5.11806
5.13318
5.13318
5.20736
5.20736
5.15222
5.15222
5.11513
5.11513
5.11952
5.11952
5.10976
5.10976
5.13562
5.13562
5.12245
5.12245
5.12147
5.12147
5.1205
5.1205
5.12684
5.12684
5.13221
5.13221
5.13514
5.13514
5.11952
5.11952
5.1205
5.1205
5.12196
5.12196
5.12294
5.12294
5.1161
5.1161
5.12928
5.12928
5.11806
5.11806
5.12928
5.12928
5.11854
5.11854
5.1283
5.1283
5.12245
5.12245
5.11903
5.11903
5.11464
5.11464
5.12196
5.12196
5.12733
5.12733
5.13172
5.13172
5.12489
5.12489
5.12928
5.12928
5.12733
5.12733
5.12342
5.12342
5.12586
5.12586
5.11806
5.11806
5.12684
5.12684
5.13026
5.13026
5.12489
5.12489
5.13221
5.13221
5.13367
5.13367
5.12977
5.12977
5.11757
5.11757
5.11464
5.11464
5.12245
5.12245
5.12586
5.12586
5.12928
5.12928
5.11415
5.11415
5.1205
5.1205
5.1161
5.1161
5.12782
5.12782
5.13026
5.13026
5.13465
5.13465
5.11415
5.11415
5.11366
5.11366
5.12635
5.12635
5.12489
5.12489
5.13172
5.13172
5.12001
5.12001
5.11903
5.11903
5.11806
5.11806
5.13611
5.13611
5.12196
5.12196
5.13318
5.13318
5.12147
5.12147
5.12538
5.12538
5.12733
5.12733
5.12391
5.12391
5.12342
5.12342
5.11708
5.11708
5.11757
5.11757
5.11659
5.11659
5.11708
5.11708
5.10878
5.10878
5.12733
5.12733
5.13416
5.13416
5.13123
5.13123
5.1205
5.1205
5.1244
5.1244
5.1244
5.1244
5.12294
5.12294
5.12147
5.12147
5.11659
5.11659
5.12294
5.12294
5.13758
5.13758
5.13026
5.13026
5.11806
5.11806
5.12294
5.12294
8.94105
8.94105
5.54603
5.54603
4.9941
4.9941
5.21419
5.21419
5.72708
5.72708
4.14938
4.14938
4.8926
4.8926
3.44129
3.44129
5.35181
5.35181
5.59044
5.59044
5.08438
5.08438
6.25412
6.25412
4.12351
4.12351
4.97898
4.97898
3.9981
3.9981
3.99468
3.99468
4.90187
4.90187
4.26454
4.26454
5.26104
5.26104
4.63884
4.63884
5.65925
5.65925
5.16539
5.16539
5.10293
5.10293
4.53978
4.53978
4.59687
4.59687
4.84331
4.84331
5.35132
5.35132
4.75108
4.75108
5.56994
5.56994
4.86332
4.86332
5.53139
5.53139
4.84429
4.84429
5.09658
5.09658
5.05071
5.05071
4.39826
4.39826
5.20492
5.20492
4.83111
4.83111
5.46258
5.46258
5.41476
5.41476
5.29227
5.29227
5.25128
5.25128
4.82379
4.82379
4.84722
4.84722
4.90773
4.90773
5.16588
5.16588
5.33326
5.33326
5.50016
5.50016
5.14002
5.14002
5.12342
5.12342
5.15807
5.15807
5.14734
5.14734
4.98532
4.98532
4.92383
4.92383
5.08634
5.08634
5.22688
5.22688
5.22249
5.22249
5.36596
5.36596
5.43184
5.43184
5.07609
5.07609
5.02387
5.02387
4.9619
4.9619
5.1815
5.1815
5.09024
5.09024
5.00045
5.00045
5.55482
5.55482
5.18833
5.18833
5.40354
5.40354
4.99606
4.99606
5.06291
5.06291
5.17076
5.17076
5.0595
5.0595
5.20687
5.20687
5.19223
5.19223
5.26299
5.26299
5.38987
5.38987
5.17466
5.17466
5.09073
5.09073
5.05803
5.05803
5.07755
5.07755
5.17808
5.17808
4.96824
4.96824
5.21419
5.21419
5.24542
5.24542
5.14538
5.14538
5.20541
5.20541
5.10683
5.10683
5.0268
5.0268
5.06194
5.06194
5.0595
5.0595
5.13611
5.13611
5.23322
5.23322
5.2625
5.2625
5.17369
5.17369
5.09951
5.09951
5.04046
5.04046
5.10195
5.10195
5.06194
5.06194
5.11464
5.11464
5.1405
5.1405
5.16295
5.16295
5.16686
5.16686
5.15026
5.15026
5.12733
5.12733
5.10342
5.10342
5.02436
5.02436
5.0063
5.0063
5.07121
5.07121
5.19418
5.19418
5.22493
5.22493
5.2015
5.2015
5.10927
5.10927
5.05608
5.05608
5.06291
5.06291
5.08438
5.08438
5.11854
5.11854
5.10878
5.10878
5.14002
5.14002
5.16588
5.16588
5.13611
5.13611
5.10878
5.10878
5.13221
5.13221
5.09854
5.09854
5.0595
5.0595
5.08243
5.08243
5.11513
5.11513
5.09463
5.09463
5.18784
5.18784
5.13367
5.13367
5.11708
5.11708
5.10976
5.10976
5.06584
5.06584
5.0839
5.0839
5.11757
5.11757
5.13465
5.13465
5.14587
5.14587
5.13806
5.13806
5.16198
5.16198
5.10488
5.10488
5.13318
5.13318
5.02534
5.02534
5.1205
5.1205
5.11659
5.11659
5.14099
5.14099
5.14002
5.14002
5.15856
5.15856
5.11415
5.11415
5.11562
5.11562
5.02485
5.02485
5.07999
5.07999
5.14197
5.14197
5.09756
5.09756
5.15222
5.15222
5.13416
5.13416
5.13221
5.13221
5.1244
5.1244
5.07706
5.07706
5.13026
5.13026
5.0917
5.0917
5.13367
5.13367
5.15856
5.15856
5.06828
5.06828
5.14782
5.14782
5.12391
5.12391
5.08634
5.08634
5.13611
5.13611
5.10683
5.10683
5.15124
5.15124
5.06779
5.06779
5.16783
5.16783
5.1693
5.1693
5.09756
5.09756
5.11074
5.11074
5.12294
5.12294
5.11854
5.11854
5.14441
5.14441
5.07658
5.07658
5.11171
5.11171
5.14343
5.14343
5.12684
5.12684
5.10049
5.10049
5.14392
5.14392
5.09707
5.09707
5.07853
5.07853
5.13514
5.13514
5.13709
5.13709
5.12001
5.12001
5.12391
5.12391
5.14538
5.14538
5.1244
5.1244
5.11659
5.11659
5.13855
5.13855
5.13758
5.13758
5.1244
5.1244
5.10976
5.10976
5.13758
5.13758
5.13562
5.13562
5.1527
5.1527
5.12538
5.12538
5.10439
5.10439
5.11757
5.11757
5.1205
5.1205
5.11952
5.11952
5.11659
5.11659
5.13074
5.13074
5.12342
5.12342
5.1327
5.1327
5.11952
5.11952
5.11708
5.11708
5.10146
5.10146
5.12001
5.12001
5.1161
5.1161
5.13123
5.13123
5.13026
5.13026
5.13709
5.13709
5.14246
5.14246
5.11074
5.11074
5.1122
5.1122
5.1122
5.1122
5.12147
5.12147
5.12489
5.12489
5.12196
5.12196
5.12294
5.12294
5.12294
5.12294
5.13074
5.13074
5.12147
5.12147
5.12489
5.12489
5.12196
5.12196
5.12294
5.12294
5.10781
5.10781
5.11074
5.11074
5.11074
5.11074
5.09756
5.09756
5.23322
5.23322
5.17515
5.17515
5.19077
5.19077
5.1405
5.1405
5.16344
5.16344
5.1283
5.1283
5.14587
5.14587
5.09707
5.09707
5.15075
5.15075
5.11854
5.11854
5.13318
5.13318
5.10781
5.10781
5.11025
5.11025
5.11903
5.11903
5.13904
5.13904
5.12879
5.12879
5.12782
5.12782
5.12245
5.12245
5.14343
5.14343
5.11708
5.11708
5.11854
5.11854
5.11171
5.11171
5.11513
5.11513
5.11074
5.11074
5.11854
5.11854
5.12342
5.12342
5.13904
5.13904
5.11854
5.11854
5.11854
5.11854
5.11562
5.11562
5.1161
5.1161
5.12196
5.12196
5.1205
5.1205
5.13221
5.13221
5.12684
5.12684
5.12294
5.12294
5.12684
5.12684
5.11903
5.11903
5.12342
5.12342
5.11513
5.11513
5.12294
5.12294
5.12782
5.12782
5.12489
5.12489
5.13123
5.13123
5.14685
5.14685
4.98288
4.98288
5.14978
5.14978
5.11903
5.11903
5.17222
5.17222
5.12294
5.12294
5.1449
5.1449
5.13172
5.13172
5.15222
5.15222
5.1039
5.1039
5.1244
5.1244
5.1083
5.1083
5.12782
5.12782
5.1161
5.1161
5.12586
5.12586
5.12196
5.12196
5.12342
5.12342
5.12684
5.12684
5.1283
5.1283
5.11366
5.11366
5.11269
5.11269
5.11903
5.11903
5.13172
5.13172
5.12782
5.12782
5.12733
5.12733
5.1449
5.1449
5.12391
5.12391
5.12001
5.12001
5.11074
5.11074
5.12001
5.12001
5.13221
5.13221
5.12928
5.12928
5.11513
5.11513
5.1122
5.1122
5.15319
5.15319
5.1161
5.1161
5.11708
5.11708
5.1
5.1
5.12879
5.12879
5.12586
5.12586
5.13172
5.13172
5.1122
5.1122
5.1283
5.1283
5.12733
5.12733
5.12001
5.12001
5.1205
5.1205
5.10927
5.10927
5.12879
5.12879
5.12196
5.12196
5.1283
5.1283
5.11903
5.11903
5.13221
5.13221
5.1327
5.1327
5.10586
5.10586
5.11074
5.11074
5.12147
5.12147
5.12147
5.12147
5.12782
5.12782
5.13221
5.13221
5.13026
5.13026
5.11854
5.11854
5.10878
5.10878
5.10781
5.10781
5.11708
5.11708
5.11269
5.11269
5.11708
5.11708
5.13172
5.13172
5.12879
5.12879
5.13026
5.13026
5.12489
5.12489
5.12391
5.12391
5.12489
5.12489
5.12342
5.12342
5.12196
5.12196
5.12879
5.12879
5.12489
5.12489
5.13123
5.13123
5.12147
5.12147
5.1161
5.1161
5.1283
5.1283
5.11562
5.11562
5.1283
5.1283
5.12879
5.12879
5.12928
5.12928
5.11952
5.11952
5.09561
5.09561
5.26836
5.26836
5.18589
5.18589
5.26446
5.26446
5.11659
5.11659
5.18882
5.18882
5.10586
5.10586
5.13611
5.13611
5.11952
5.11952
5.14685
5.14685
5.13026
5.13026
5.13611
5.13611
5.1122
5.1122
5.12928
5.12928
5.12342
5.12342
5.17076
5.17076
5.09854
5.09854
5.14538
5.14538
5.13855
5.13855
5.14197
5.14197
5.11269
5.11269
5.10049
5.10049
5.2015
