5.64117
5.64117
5.64117
5.64117
5.64117
5.26249
5.26249
3.28282
3.28282
5.26236
5.26236
3.28275
3.28275
5.26223
5.26223
3.28267
3.28267
5.26209
5.26209
3.2826
3.2826
5.26196
5.26196
3.28252
3.28252
5.26183
5.26183
3.28244
3.28244
5.26169
5.26169
3.28236
3.28236
5.26156
5.26156
5.26149
5.26149
3.28222
3.28222
5.26136
5.26136
3.28214
3.28214
5.26123
5.26123
3.28206
3.28206
5.26109
5.26109
3.28199
3.28199
5.26096
5.26096
3.28191
3.28191
5.26083
5.26083
5.26076
5.26076
3.28176
3.28176
5.26063
5.26063
3.28169
3.28169
5.26049
5.26049
3.28161
3.28161
5.26036
5.26036
3.28154
3.28154
5.26023
5.26023
3.28146
3.28146
5.26009
5.26009
3.28138
3.28138
5.25996
5.25996
5.25989
5.25989
3.28123
3.28123
5.25976
5.25976
3.28116
3.28116
5.25963
5.25963
3.28108
3.28108
5.25949
5.25949
3.28101
3.28101
5.25936
5.25936
3.28093
3.28093
5.25923
5.25923
3.28085
3.28085
5.25909
5.25909
3.28078
3.28078
5.25896
5.25896
5.25889
5.25889
5.25883
5.25883
3.28056
3.28056
5.2587
5.2587
3.28049
3.28049
5.25856
5.25856
3.28042
3.28042
5.25843
5.25843
3.28034
3.28034
5.2583
5.2583
3.28026
3.28026
5.25816
5.25816
3.28019
3.28019
5.25803
5.25803
3.28011
3.28011
5.2579
5.2579
3.28003
3.28003
5.25776
5.25776
3.27996
3.27996
5.25763
5.25763
3.27988
3.27988
5.2575
5.2575
5.25743
5.25743
3.27973
3.27973
5.2573
5.2573
3.27966
3.27966
5.25716
5.25716
3.27958
3.27958
5.25703
5.25703
3.27951
3.27951
5.2569
5.2569
3.27943
3.27943
5.25676
5.25676
5.2567
5.2567
3.27928
3.27928
5.25657
5.25657
3.27921
3.27921
5.25643
5.25643
3.27913
3.27913
5.2563
5.2563
3.27905
3.27905
5.25617
5.25617
3.27898
3.27898
5.25603
5.25603
3.2789
3.2789
5.2559
5.2559
5.25583
5.25583
3.27875
3.27875
5.2557
5.2557
3.27868
3.27868
5.25557
5.25557
3.2786
3.2786
5.25543
5.25543
3.27853
3.27853
5.2553
5.2553
3.27845
3.27845
5.25517
5.25517
3.27837
3.27837
5.25503
5.25503
5.25497
5.25497
3.27823
3.27823
5.25484
5.25484
3.27815
3.27815
5.2547
5.2547
3.27808
3.27808
5.25457
5.25457
3.278
3.278
5.25444
5.25444
3.27792
3.27792
5.2543
5.2543
3.27785
3.27785
5.25417
5.25417
5.2541
5.2541
3.2777
3.2777
5.25397
5.25397
3.27762
3.27762
5.25384
5.25384
3.27755
3.27755
5.25371
5.25371
3.27747
3.27747
5.25357
5.25357
3.2774
3.2774
5.25344
5.25344
3.27732
3.27732
5.25331
5.25331
5.25324
5.25324
3.27717
3.27717
5.25311
5.25311
3.2771
3.2771
5.25297
5.25297
3.27702
3.27702
5.25284
5.25284
3.27695
3.27695
5.25271
5.25271
3.27687
3.27687
5.25257
5.25257
3.27679
3.27679
5.25244
5.25244
5.25238
5.25238
3.27665
3.27665
5.25224
5.25224
3.27657
3.27657
5.25211
5.25211
3.27649
3.27649
5.25198
5.25198
3.27642
3.27642
5.25184
5.25184
3.27634
3.27634
5.25171
5.25171
3.27627
3.27627
5.25158
5.25158
5.25151
5.25151
3.27612
3.27612
5.25138
5.25138
3.27604
3.27604
5.25125
5.25125
3.27597
3.27597
5.25111
5.25111
3.27589
3.27589
5.25098
5.25098
3.27582
3.27582
5.25085
5.25085
5.25078
5.25078
3.27567
3.27567
5.25065
5.25065
3.2756
3.2756
5.25052
5.25052
3.27552
3.27552
5.25038
5.25038
3.27544
3.27544
5.25025
5.25025
3.27537
3.27537
5.25012
5.25012
3.27529
3.27529
5.24999
5.24999
3.27521
3.27521
5.24985
5.24985
5.24979
5.24979
5.24972
5.24972
3.275
3.275
5.24959
5.24959
3.27493
3.27493
5.24945
5.24945
3.27485
3.27485
5.24932
5.24932
3.27478
3.27478
5.24919
5.24919
3.2747
3.2747
5.24906
5.24906
3.27463
3.27463
5.24892
5.24892
3.27455
3.27455
5.24879
5.24879
3.27448
3.27448
5.24866
5.24866
3.2744
3.2744
5.24852
5.24852
3.27432
3.27432
5.24839
5.24839
5.24833
5.24833
3.27417
3.27417
5.24819
5.24819
5.24813
5.24813
5.24806
5.24806
3.274
3.274
5.24794
5.24794
3.27395
3.27395
5.24782
5.24782
3.27389
3.27389
5.24765
5.24765
5.24759
5.24759
5.24751
5.24751
5.24747
5.24747
3.27362
3.27362
5.24735
5.24735
3.27356
3.27356
5.2472
5.2472
3.27347
3.27347
5.24707
5.24707
3.27339
3.27339
5.24693
5.24693
3.2733
3.2733
5.2468
5.2468
3.27323
3.27323
5.24668
5.24668
3.27315
3.27315
5.24654
5.24654
3.27307
3.27307
5.2464
5.2464
3.27298
3.27298
5.24627
5.24627
3.2729
3.2729
5.24614
5.24614
3.27282
3.27282
5.24602
5.24602
3.27276
3.27276
5.24588
5.24588
3.27269
3.27269
5.24574
5.24574
3.27261
3.27261
5.24561
5.24561
3.27253
3.27253
5.24548
5.24548
3.27246
3.27246
5.24535
5.24535
3.27237
3.27237
5.24521
5.24521
5.24515
5.24515
5.24508
5.24508
3.27216
3.27216
5.24495
5.24495
3.27209
3.27209
5.24482
5.24482
3.27202
3.27202
5.24469
5.24469
3.27194
3.27194
5.24455
5.24455
3.27187
3.27187
5.24442
5.24442
3.27179
3.27179
5.24429
5.24429
3.27172
3.27172
5.24416
5.24416
3.27164
3.27164
5.24402
5.24402
3.27156
3.27156
5.24389
5.24389
5.24383
5.24383
3.27142
3.27142
5.2437
5.2437
3.27134
3.27134
5.24356
5.24356
3.27126
3.27126
5.24343
5.24343
3.27119
3.27119
5.2433
5.2433
3.27111
3.27111
5.24317
5.24317
3.27104
3.27104
5.24304
5.24304
3.27096
3.27096
5.2429
5.2429
5.24284
5.24284
3.27081
3.27081
5.24271
5.24271
3.27074
3.27074
5.24258
5.24258
3.27066
3.27066
5.24244
5.24244
3.27059
3.27059
5.24231
5.24231
3.27051
3.27051
5.24218
5.24218
3.27044
3.27044
5.24205
5.24205
5.24198
5.24198
3.27029
3.27029
5.24185
5.24185
3.27022
3.27022
5.24172
5.24172
3.27014
3.27014
5.24159
5.24159
3.27006
3.27006
5.24146
5.24146
3.26999
3.26999
5.24132
5.24132
3.26991
3.26991
5.24119
5.24119
3.26983
3.26983
5.24106
5.24106
5.24099
5.24099
3.26969
3.26969
5.24086
5.24086
3.26962
3.26962
5.24073
5.24073
3.26954
3.26954
5.2406
5.2406
3.26946
3.26946
5.24047
5.24047
3.26939
3.26939
5.24033
5.24033
3.26931
3.26931
5.2402
5.2402
5.24014
5.24014
3.26917
3.26917
5.24001
5.24001
3.26909
3.26909
5.23987
5.23987
3.26902
3.26902
5.23974
5.23974
3.26894
3.26894
5.23961
5.23961
3.26887
3.26887
5.23948
5.23948
3.26879
3.26879
5.23935
5.23935
5.23928
5.23928
3.26865
3.26865
5.23915
5.23915
3.26857
3.26857
5.23902
5.23902
3.2685
3.2685
5.23889
5.23889
3.26842
3.26842
5.23876
5.23876
3.26834
3.26834
5.23862
5.23862
3.26827
3.26827
5.23849
5.23849
3.26819
3.26819
5.23836
5.23836
5.2383
5.2383
3.26805
3.26805
5.23816
5.23816
3.26797
3.26797
5.23803
5.23803
3.2679
3.2679
5.2379
5.2379
3.26782
3.26782
5.23777
5.23777
3.26775
3.26775
5.23764
5.23764
3.26767
3.26767
5.23751
5.23751
3.26759
3.26759
5.23737
5.23737
5.23731
5.23731
3.26745
3.26745
5.23718
5.23718
3.26737
3.26737
5.23705
5.23705
3.2673
3.2673
5.23691
5.23691
3.26722
3.26722
5.23678
5.23678
3.26715
3.26715
5.23665
5.23665
3.26707
3.26707
5.23652
5.23652
5.23646
5.23646
3.26693
3.26693
5.23632
5.23632
3.26685
3.26685
5.23619
5.23619
3.26678
3.26678
5.23606
5.23606
3.2667
3.2667
5.23593
5.23593
3.26663
3.26663
5.2358
5.2358
3.26655
3.26655
5.23567
5.23567
3.26647
3.26647
5.23553
5.23553
5.23547
5.23547
3.26633
3.26633
5.23534
5.23534
3.26625
3.26625
5.23521
5.23521
3.26618
3.26618
5.23507
5.23507
3.26611
3.26611
5.23494
5.23494
3.26603
3.26603
5.23481
5.23481
3.26595
3.26595
5.23468
5.23468
5.23462
5.23462
3.26581
3.26581
5.23448
5.23448
3.26573
3.26573
5.23435
5.23435
3.26566
3.26566
5.23422
5.23422
3.26558
3.26558
5.23409
5.23409
3.26551
3.26551
3.26551
3.26551
5.21603
5.21603
5.21596
5.21596
3.25446
3.25446
5.21583
5.21583
5.21583
5.21583
3.2546
3.2546
5.21603
5.21603
5.21596
5.21596
3.25446
3.25446
5.21583
5.21583
3.25439
3.25439
5.2157
5.2157
3.25431
3.25431
5.21557
5.21557
3.25424
3.25424
5.21544
5.21544
3.25416
3.25416
5.21531
5.21531
5.21524
5.21524
3.25402
3.25402
5.21511
5.21511
3.25395
3.25395
5.21498
5.21498
3.25387
3.25387
5.21485
5.21485
3.2538
3.2538
5.21472
5.21472
3.25372
3.25372
5.21459
5.21459
3.25365
3.25365
5.21446
5.21446
3.25357
3.25357
5.21433
5.21433
5.21427
5.21427
3.25343
3.25343
5.21414
5.21414
3.25335
3.25335
5.21401
5.21401
3.25328
3.25328
5.21388
5.21388
3.2532
3.2532
5.21375
5.21375
3.25313
3.25313
5.21361
5.21361
3.25305
3.25305
5.21348
5.21348
5.21342
5.21342
3.25291
3.25291
5.21329
5.21329
3.25284
3.25284
5.21316
5.21316
3.25276
3.25276
5.21303
5.21303
3.25269
3.25269
5.2129
5.2129
3.25261
3.25261
5.21277
5.21277
3.25254
3.25254
5.21264
5.21264
3.25246
3.25246
5.21251
5.21251
5.21244
5.21244
3.25232
3.25232
5.21231
5.21231
3.25224
3.25224
5.21218
5.21218
3.25217
3.25217
5.21205
5.21205
3.2521
3.2521
5.21192
5.21192
3.25202
3.25202
5.21179
5.21179
3.25195
3.25195
5.21166
5.21166
5.2116
5.2116
3.2518
3.2518
5.21147
5.21147
3.25173
3.25173
5.21134
5.21134
3.25165
3.25165
5.2112
5.2112
3.25158
3.25158
5.21107
5.21107
3.2515
3.2515
5.21094
5.21094
3.25143
3.25143
5.21081
5.21081
5.21075
5.21075
3.25129
3.25129
5.21062
5.21062
3.25121
3.25121
5.21049
5.21049
3.25114
3.25114
5.21036
5.21036
3.25106
3.25106
5.21023
5.21023
3.25099
3.25099
5.2101
5.2101
3.25091
3.25091
5.20997
5.20997
5.2099
5.2099
3.25077
3.25077
5.20977
5.20977
3.2507
3.2507
5.20964
5.20964
3.25062
3.25062
5.20951
5.20951
3.25055
3.25055
5.20938
5.20938
3.25048
3.25048
5.20925
5.20925
3.2504
3.2504
5.20912
5.20912
5.20906
5.20906
3.25026
3.25026
5.20893
5.20893
3.25018
3.25018
5.2088
5.2088
3.25011
3.25011
5.20867
5.20867
3.25003
3.25003
5.20854
5.20854
3.24996
3.24996
5.20841
5.20841
3.24988
3.24988
5.20828
5.20828
5.20821
5.20821
3.24974
3.24974
5.20808
5.20808
3.24967
3.24967
5.20795
5.20795
3.24959
3.24959
5.20782
5.20782
3.24952
3.24952
5.20769
5.20769
3.24944
3.24944
5.20756
5.20756
3.24937
3.24937
5.20743
5.20743
3.24929
3.24929
5.2073
5.2073
5.20724
5.20724
3.24915
3.24915
5.20711
5.20711
3.24908
3.24908
5.20698
5.20698
3.249
3.249
5.20685
5.20685
3.24893
3.24893
5.20672
5.20672
3.24886
3.24886
5.20659
5.20659
5.20652
5.20652
3.24871
3.24871
5.20639
5.20639
3.24864
3.24864
5.20626
5.20626
3.24856
3.24856
5.20613
5.20613
3.24849
3.24849
5.206
5.206
3.24841
3.24841
5.20587
5.20587
3.24834
3.24834
5.20574
5.20574
3.24826
