4.81745
4.81745
4.80476
4.80476
4.80525
4.80525
4.8111
4.8111
4.80525
4.80525
4.80525
4.80525
4.80671
4.80671
4.80476
4.80476
4.80525
4.80525
4.8111
4.8111
4.80525
4.80525
4.80525
4.80525
4.80671
4.80671
4.80476
4.80476
4.80525
4.80525
4.8111
4.8111
4.80525
4.80525
4.80769
4.80769
4.80915
4.80915
4.81354
4.81354
4.80574
4.80574
4.81062
4.81062
4.80769
4.80769
4.79842
4.79842
4.80964
4.80964
4.80086
4.80086
4.79695
4.79695
4.80378
4.80378
4.80964
4.80964
4.81257
4.81257
4.81159
4.81159
4.81208
4.81208
4.80964
4.80964
4.80915
4.80915
4.80964
4.80964
4.80915
4.80915
4.80769
4.80769
4.80671
4.80671
4.80671
4.80671
4.80866
4.80866
4.80525
4.80525
4.81403
4.81403
4.80671
4.80671
4.79988
4.79988
4.80818
4.80818
4.81354
4.81354
4.81891
4.81891
4.80769
4.80769
4.81257
4.81257
4.81257
4.81257
4.8072
4.8072
4.79939
4.79939
4.79939
4.79939
4.80622
4.80622
4.81013
4.81013
4.80769
4.80769
4.80378
4.80378
4.80866
4.80866
4.81159
4.81159
4.80671
4.80671
4.8033
4.8033
4.8033
4.8033
4.80769
4.80769
4.79939
4.79939
4.8072
4.8072
4.8033
4.8033
4.80281
4.80281
4.79744
4.79744
4.80476
4.80476
4.80671
4.80671
4.80476
4.80476
4.81306
4.81306
4.8072
4.8072
4.81403
4.81403
4.80915
4.80915
4.80671
4.80671
4.80476
4.80476
4.81159
4.81159
4.81062
4.81062
4.80232
4.80232
4.80915
4.80915
4.81062
4.81062
4.8072
4.8072
4.80622
4.80622
4.80915
4.80915
4.8111
4.8111
4.8155
4.8155
4.80769
4.80769
4.81257
4.81257
4.81062
4.81062
4.8033
4.8033
4.80769
4.80769
4.80525
4.80525
4.8072
4.8072
4.80378
4.80378
4.8072
4.8072
4.8072
4.8072
4.81159
4.81159
4.81354
4.81354
4.81696
4.81696
4.80818
4.80818
4.80574
4.80574
4.8072
4.8072
4.80476
4.80476
4.80232
4.80232
4.80427
4.80427
4.80281
4.80281
4.81208
4.81208
4.80818
4.80818
4.80378
4.80378
4.80866
4.80866
4.80671
4.80671
4.80671
4.80671
4.80769
4.80769
4.81501
4.81501
4.80866
4.80866
4.81013
4.81013
4.80378
4.80378
4.80281
4.80281
4.80134
4.80134
4.80671
4.80671
4.80671
4.80671
4.80915
4.80915
4.80622
4.80622
4.8111
4.8111
4.80964
4.80964
4.81452
4.81452
4.80915
4.80915
4.80476
4.80476
4.80769
4.80769
4.8072
4.8072
4.80769
4.80769
4.8155
4.8155
4.80818
4.80818
4.80964
4.80964
4.80915
4.80915
4.81062
4.81062
4.80866
4.80866
4.80769
4.80769
4.81696
4.81696
4.81354
4.81354
4.8072
4.8072
4.80915
4.80915
4.80671
4.80671
4.80622
4.80622
4.81208
4.81208
4.8072
4.8072
4.81062
4.81062
4.80818
4.80818
4.80671
4.80671
4.80232
4.80232
4.8155
4.8155
4.80915
4.80915
4.79988
4.79988
4.80476
4.80476
4.80525
4.80525
4.81354
4.81354
4.8111
4.8111
4.80622
4.80622
4.81257
4.81257
4.8072
4.8072
4.80378
4.80378
4.81159
4.81159
4.81257
4.81257
4.8033
4.8033
4.80818
4.80818
4.80574
4.80574
4.80818
4.80818
4.80622
4.80622
4.81062
4.81062
4.80964
4.80964
4.80622
4.80622
4.81062
4.81062
4.80281
4.80281
4.81013
4.81013
4.80574
4.80574
4.80525
4.80525
4.81013
4.81013
4.80525
4.80525
4.80818
4.80818
4.81208
4.81208
4.81013
4.81013
4.81452
4.81452
4.81354
4.81354
4.80574
4.80574
4.81257
4.81257
4.81062
4.81062
4.81354
4.81354
4.80866
4.80866
4.80476
4.80476
4.81452
4.81452
4.80622
4.80622
4.8111
4.8111
4.80769
4.80769
4.80818
4.80818
4.8033
4.8033
4.81257
4.81257
4.81159
4.81159
4.8072
4.8072
4.80866
4.80866
4.80525
4.80525
4.80427
4.80427
4.80574
4.80574
4.79793
4.79793
4.80818
4.80818
4.8111
4.8111
4.79793
4.79793
4.80866
4.80866
4.81257
4.81257
4.80769
4.80769
4.8072
4.8072
4.81208
4.81208
4.81208
4.81208
4.8033
4.8033
4.80915
4.80915
4.80427
4.80427
4.80818
4.80818
4.81013
4.81013
4.80671
4.80671
4.81208
4.81208
4.81013
4.81013
4.81062
4.81062
4.81013
4.81013
4.80574
4.80574
4.80476
4.80476
4.80866
4.80866
4.80866
4.80866
4.80671
4.80671
4.80427
4.80427
4.81354
4.81354
4.81794
4.81794
4.81062
4.81062
4.80818
4.80818
4.80574
4.80574
4.81013
4.81013
4.80915
4.80915
4.8072
4.8072
4.8111
4.8111
4.80622
4.80622
4.80281
4.80281
4.80476
4.80476
4.80476
4.80476
4.81208
4.81208
4.80525
4.80525
4.80818
4.80818
4.81013
4.81013
4.80866
4.80866
4.80281
4.80281
4.80476
4.80476
4.80769
4.80769
4.8111
4.8111
4.81013
4.81013
4.79988
4.79988
4.81062
4.81062
4.80915
4.80915
4.81647
4.81647
4.81208
4.81208
4.80818
4.80818
4.81306
4.81306
4.80915
4.80915
4.80476
4.80476
4.80866
4.80866
4.81452
4.81452
4.80574
4.80574
4.85942
4.85942
3.3515
3.3515
1.25114
1.25114
3.69846
3.69846
7.70494
7.70494
3.83266
3.83266
3.06797
3.06797
6.29706
6.29706
4.91944
4.91944
3.98346
3.98346
5.63778
5.63778
6.59377
6.59377
5.71781
5.71781
5.47625
5.47625
6.3932
6.3932
5.9174
5.9174
5.90471
5.90471
5.52749
5.52749
5.29471
5.29471
4.41924
4.41924
4.51586
4.51586
5.38353
5.38353
5.15905
5.15905
4.54026
4.54026
4.24746
4.24746
4.90236
4.90236
4.37386
4.37386
5.16637
5.16637
4.9497
4.9497
4.94677
4.94677
4.97312
4.97312
5.40451
5.40451
4.59736
4.59736
5.43086
5.43086
5.78808
5.78808
5.37426
5.37426
5.01802
5.01802
5.04437
5.04437
4.81598
4.81598
4.45047
4.45047
4.87698
4.87698
4.97898
4.97898
5.12538
5.12538
4.63445
4.63445
4.58711
4.58711
4.4817
4.4817
4.57638
4.57638
4.76035
4.76035
5.00484
5.00484
5.08926
5.08926
5.01704
5.01704
5.25421
5.25421
5.15807
5.15807
4.9453
4.9453
5.15612
5.15612
5.50943
5.50943
5.68218
5.68218
5.08146
5.08146
5.17954
5.17954
4.99118
4.99118
4.93164
4.93164
4.77304
4.77304
5.02729
5.02729
5.0756
5.0756
4.91895
4.91895
4.66861
4.66861
4.71838
4.71838
4.64762
4.64762
4.6325
4.6325
4.86869
4.86869
5.01655
5.01655
5.00826
5.00826
5.13611
5.13611
4.8521
4.8521
4.9331
4.9331
5.04486
5.04486
5.06047
5.06047
4.69301
4.69301
5.4455
5.4455
5.14148
5.14148
5.15026
5.15026
4.90236
4.90236
4.9131
4.9131
5.00777
5.00777
4.49
4.49
5.00435
5.00435
4.87747
4.87747
4.87552
4.87552
4.85795
4.85795
4.61834
4.61834
4.93847
4.93847
4.4817
4.4817
4.72863
4.72863
4.82818
4.82818
4.59346
4.59346
5.10342
5.10342
5.10342
5.10342
4.8194
4.8194
4.82135
4.82135
4.82428
4.82428
4.82526
4.82526
4.8233
4.8233
4.8233
4.8233
4.8194
4.8194
4.82135
4.82135
4.82428
4.82428
4.82526
4.82526
4.8233
4.8233
4.81794
4.81794
4.81745
4.81745
4.82086
4.82086
4.82379
4.82379
4.82428
4.82428
4.82135
4.82135
4.82623
4.82623
4.82379
4.82379
4.81745
4.81745
4.82477
4.82477
4.82477
4.82477
4.8233
4.8233
4.82428
4.82428
4.82574
4.82574
4.82379
4.82379
4.82526
4.82526
4.82526
4.82526
4.81891
4.81891
4.8233
4.8233
4.82672
4.82672
4.82086
4.82086
4.82526
4.82526
4.82086
4.82086
4.82379
4.82379
4.82721
4.82721
4.81842
4.81842
4.82233
4.82233
4.8277
4.8277
4.82282
4.82282
4.82379
4.82379
4.82038
4.82038
4.82623
4.82623
4.82574
4.82574
4.82623
4.82623
4.82086
4.82086
4.81794
4.81794
4.8277
4.8277
4.82526
4.82526
4.81891
4.81891
4.82428
4.82428
4.82184
4.82184
4.8155
4.8155
4.82086
4.82086
4.82038
4.82038
4.8194
4.8194
4.82135
4.82135
4.81745
4.81745
4.82526
4.82526
4.82672
4.82672
4.82526
4.82526
4.8194
4.8194
4.81891
4.81891
4.8277
4.8277
4.82574
4.82574
4.82233
4.82233
4.82086
4.82086
4.81501
4.81501
4.83111
4.83111
4.81403
4.81403
4.82184
4.82184
4.83258
4.83258
4.82818
4.82818
4.82477
4.82477
4.82379
4.82379
4.82623
4.82623
4.82721
4.82721
4.82135
4.82135
4.81989
4.81989
4.82721
4.82721
4.82282
4.82282
4.8194
4.8194
4.82086
4.82086
4.82086
4.82086
4.82086
4.82086
4.81794
4.81794
4.8194
4.8194
4.82428
4.82428
4.82282
4.82282
4.82623
4.82623
4.8233
4.8233
4.81403
4.81403
4.82526
4.82526
4.82526
4.82526
4.82086
4.82086
4.82282
4.82282
4.81842
4.81842
4.82282
4.82282
4.81989
4.81989
4.8233
4.8233
4.82086
4.82086
4.82379
4.82379
4.81891
4.81891
4.82233
4.82233
4.8277
4.8277
4.82184
4.82184
4.81696
4.81696
4.81842
4.81842
4.82623
4.82623
4.82135
4.82135
4.81745
4.81745
4.8233
4.8233
4.82086
4.82086
4.82184
4.82184
4.82233
4.82233
4.82477
4.82477
