1.43927
1.43927
61.6153
61.6153
1.40153
1.40153
1.61529
1.61529
1.40156
1.40156
1.40156
1.40156
1.40159
1.40159
1.61529
1.61529
1.40153
1.40153
1.61529
1.61529
1.40156
1.40156
1.40156
1.40156
1.40159
1.40159
1.61529
1.61529
1.40153
1.40153
1.61529
1.61529
1.40156
1.40156
1.61526
1.61526
1.40151
1.40151
1.61527
1.61527
1.40154
1.40154
1.61524
1.61524
1.40149
1.40149
1.61524
1.61524
1.40151
1.40151
1.61521
1.61521
1.40146
1.40146
1.61521
1.61521
1.40149
1.40149
1.61518
1.61518
1.40144
1.40144
1.61518
1.61518
1.40147
1.40147
1.61515
1.61515
1.40142
1.40142
1.61515
1.61515
1.40144
1.40144
1.61512
1.61512
1.40139
1.40139
1.61513
1.61513
1.40142
1.40142
1.6151
1.6151
1.40137
1.40137
1.6151
1.6151
1.40139
1.40139
1.61507
1.61507
1.40134
1.40134
1.61507
1.61507
1.40137
1.40137
1.61504
1.61504
1.40132
1.40132
1.61504
1.61504
1.40135
1.40135
1.61501
1.61501
1.4013
1.4013
1.61502
1.61502
1.40132
1.40132
1.61498
1.61498
1.40127
1.40127
1.61499
1.61499
1.4013
1.4013
1.61496
1.61496
1.40125
1.40125
1.61496
1.61496
1.40128
1.40128
1.61493
1.61493
1.40122
1.40122
1.61493
1.61493
1.40125
1.40125
1.6149
1.6149
1.4012
1.4012
1.6149
1.6149
1.40123
1.40123
1.61487
1.61487
1.40118
1.40118
1.61488
1.61488
1.4012
1.4012
1.61485
1.61485
1.40115
1.40115
1.61485
1.61485
1.40118
1.40118
1.61482
1.61482
1.40113
1.40113
1.61482
1.61482
1.40116
1.40116
1.61479
1.61479
1.40111
1.40111
1.61479
1.61479
1.40113
1.40113
1.61476
1.61476
1.40108
1.40108
1.61476
1.61476
1.40111
1.40111
1.61473
1.61473
1.40106
1.40106
1.61474
1.61474
1.40108
1.40108
1.61471
1.61471
1.40103
1.40103
1.61471
1.61471
1.40106
1.40106
1.61468
1.61468
1.40101
1.40101
1.61468
1.61468
1.40104
1.40104
1.61465
1.61465
1.40099
1.40099
1.61465
1.61465
1.40101
1.40101
1.61462
1.61462
1.40096
1.40096
1.61462
1.61462
1.40099
1.40099
1.61459
1.61459
1.40094
1.40094
1.6146
1.6146
1.40096
1.40096
1.61457
1.61457
1.40091
1.40091
1.61457
1.61457
1.40094
1.40094
1.61454
1.61454
1.40089
1.40089
1.61454
1.61454
1.40092
1.40092
1.61451
1.61451
1.40087
1.40087
1.61451
1.61451
1.40089
1.40089
1.61448
1.61448
1.40084
1.40084
1.61449
1.61449
1.40087
1.40087
1.61445
1.61445
1.40082
1.40082
1.61446
1.61446
1.40085
1.40085
1.61443
1.61443
1.4008
1.4008
1.61443
1.61443
1.40082
1.40082
1.6144
1.6144
1.40077
1.40077
1.6144
1.6144
1.4008
1.4008
1.61437
1.61437
1.40075
1.40075
1.61437
1.61437
1.40077
1.40077
1.61434
1.61434
1.40072
1.40072
1.61435
1.61435
1.40075
1.40075
1.61432
1.61432
1.4007
1.4007
1.61432
1.61432
1.40073
1.40073
1.61429
1.61429
1.40068
1.40068
1.61429
1.61429
1.4007
1.4007
1.61426
1.61426
1.40065
1.40065
1.61426
1.61426
1.40068
1.40068
1.61423
1.61423
1.40063
1.40063
1.61423
1.61423
1.40066
1.40066
1.6142
1.6142
1.4006
1.4006
1.61421
1.61421
1.40063
1.40063
1.61418
1.61418
1.40058
1.40058
1.61418
1.61418
1.40061
1.40061
1.61415
1.61415
1.40056
1.40056
1.61415
1.61415
1.40058
1.40058
1.61412
1.61412
1.40053
1.40053
1.61412
1.61412
1.40056
1.40056
1.61409
1.61409
1.40051
1.40051
1.6141
1.6141
1.40054
1.40054
1.61406
1.61406
1.40049
1.40049
1.61407
1.61407
1.40051
1.40051
1.61404
1.61404
1.40046
1.40046
1.61404
1.61404
1.40049
1.40049
1.61401
1.61401
1.40044
1.40044
1.61401
1.61401
1.40046
1.40046
1.61398
1.61398
1.40041
1.40041
1.61398
1.61398
1.40044
1.40044
1.61395
1.61395
1.40039
1.40039
1.61396
1.61396
1.40042
1.40042
1.61393
1.61393
1.40037
1.40037
1.61393
1.61393
1.40039
1.40039
1.6139
1.6139
1.40034
1.40034
1.6139
1.6139
1.40037
1.40037
1.61387
1.61387
1.40032
1.40032
1.61387
1.61387
1.40035
1.40035
1.61384
1.61384
1.40029
1.40029
1.61384
1.61384
1.40032
1.40032
1.61381
1.61381
1.40027
1.40027
1.61382
1.61382
1.4003
1.4003
1.61379
1.61379
1.40025
1.40025
1.61379
1.61379
1.40027
1.40027
1.61376
1.61376
1.40022
1.40022
1.61376
1.61376
1.40025
1.40025
1.61373
1.61373
1.4002
1.4002
1.61373
1.61373
1.40023
1.40023
1.6137
1.6137
1.40018
1.40018
1.61371
1.61371
1.4002
1.4002
1.61368
1.61368
1.40015
1.40015
1.61368
1.61368
1.40018
1.40018
1.61365
1.61365
1.40013
1.40013
1.61365
1.61365
1.40015
1.40015
1.61362
1.61362
1.4001
1.4001
1.61362
1.61362
1.40013
1.40013
1.61359
1.61359
1.40008
1.40008
1.61359
1.61359
1.40011
1.40011
1.61356
1.61356
1.40006
1.40006
1.61357
1.61357
1.40008
1.40008
1.61354
1.61354
1.40003
1.40003
1.61354
1.61354
1.40006
1.40006
1.61351
1.61351
1.40001
1.40001
1.61351
1.61351
1.40004
1.40004
1.61348
1.61348
1.39998
1.39998
1.61348
1.61348
1.40001
1.40001
1.61345
1.61345
1.39996
1.39996
1.61346
1.61346
1.39999
1.39999
1.61342
1.61342
1.39994
1.39994
1.61343
1.61343
1.39996
1.39996
1.6134
1.6134
1.39991
1.39991
1.6134
1.6134
1.39994
1.39994
1.61337
1.61337
1.39989
1.39989
1.61337
1.61337
1.39992
1.39992
1.61334
1.61334
1.39987
1.39987
1.61334
1.61334
1.39989
1.39989
1.61331
1.61331
1.39984
1.39984
1.61332
1.61332
1.39987
1.39987
1.61329
1.61329
1.39982
1.39982
1.61329
1.61329
1.39985
1.39985
1.61326
1.61326
1.39979
1.39979
1.61326
1.61326
1.39982
1.39982
1.61323
1.61323
1.39977
1.39977
1.61323
1.61323
1.3998
1.3998
1.6132
1.6132
1.39975
1.39975
1.6132
1.6132
1.39977
1.39977
1.61317
1.61317
1.39972
1.39972
1.61318
1.61318
1.39975
1.39975
1.61315
1.61315
1.3997
1.3997
1.61315
1.61315
1.39973
1.39973
1.61312
1.61312
1.39968
1.39968
1.61312
1.61312
1.3997
1.3997
1.61309
1.61309
1.39965
1.39965
1.61309
1.61309
1.39968
1.39968
1.61306
1.61306
1.39963
1.39963
1.61307
1.61307
1.39966
1.39966
1.61303
1.61303
1.3996
1.3996
1.61304
1.61304
1.39963
1.39963
1.61301
1.61301
1.39958
1.39958
1.61301
1.61301
1.39961
1.39961
1.61298
1.61298
1.39956
1.39956
1.61298
1.61298
1.39958
1.39958
1.61295
1.61295
1.39953
1.39953
1.61295
1.61295
1.39956
1.39956
1.61292
1.61292
1.39951
1.39951
1.61293
1.61293
1.39954
1.39954
1.6129
1.6129
1.39948
1.39948
1.6129
1.6129
1.6129
1.6129
1.39784
1.39784
1.61098
1.61098
1.39787
1.39787
1.61095
1.61095
1.39782
1.39782
1.39782
1.39782
1.39784
1.39784
1.61098
1.61098
1.39787
1.39787
1.61095
1.61095
1.39782
1.39782
1.61095
1.61095
1.39785
1.39785
1.61092
1.61092
1.3978
1.3978
1.61093
1.61093
1.39782
1.39782
1.6109
1.6109
1.39777
1.39777
1.6109
1.6109
1.3978
1.3978
1.61087
1.61087
1.39775
1.39775
1.61087
1.61087
1.39778
1.39778
1.61084
1.61084
1.39773
1.39773
1.61084
1.61084
1.39775
1.39775
1.61081
1.61081
1.3977
1.3977
1.61082
1.61082
1.39773
1.39773
1.61079
1.61079
1.39768
1.39768
1.61079
1.61079
1.39771
1.39771
1.61076
1.61076
1.39765
1.39765
1.61076
1.61076
1.39768
1.39768
1.61073
1.61073
1.39763
1.39763
1.61073
1.61073
1.39766
1.39766
1.6107
1.6107
1.39761
1.39761
1.6107
1.6107
1.39763
1.39763
1.61067
1.61067
1.39758
1.39758
1.61068
1.61068
1.39761
1.39761
1.61065
1.61065
1.39756
1.39756
1.61065
1.61065
1.39759
1.39759
1.61062
1.61062
1.39754
1.39754
1.61062
1.61062
1.39756
1.39756
1.61059
1.61059
1.39751
1.39751
1.61059
1.61059
1.39754
1.39754
1.61056
1.61056
1.39749
1.39749
1.61057
1.61057
1.39752
1.39752
1.61053
1.61053
1.39746
1.39746
1.61054
1.61054
1.39749
1.39749
1.61051
1.61051
1.39744
1.39744
1.61051
1.61051
1.39747
1.39747
1.61048
1.61048
1.39742
1.39742
1.61048
1.61048
1.39745
1.39745
1.61045
1.61045
1.39739
1.39739
1.61045
1.61045
1.39742
1.39742
1.61042
1.61042
1.39737
1.39737
1.61043
1.61043
1.3974
1.3974
1.6104
1.6104
1.39735
1.39735
1.6104
1.6104
1.39737
1.39737
1.61037
1.61037
1.39732
1.39732
1.61037
1.61037
1.39735
1.39735
1.61034
1.61034
1.3973
1.3973
1.61034
1.61034
1.39733
1.39733
1.61031
1.61031
1.39727
1.39727
1.61032
1.61032
1.3973
1.3973
1.61029
1.61029
1.39725
1.39725
1.61029
1.61029
1.39728
1.39728
1.61026
1.61026
1.39723
1.39723
1.61026
1.61026
1.39726
1.39726
1.61023
1.61023
1.3972
1.3972
1.61023
1.61023
