6.95326e-310
6.95326e-310
5.19174
5.19174
5.18686
5.18686
5.19126
5.19126
5.19126
5.19126
5.1893
5.1893
5.19662
5.19662
5.19174
5.19174
5.18686
5.18686
5.19126
5.19126
5.19126
5.19126
5.1893
5.1893
5.19662
5.19662
5.19174
5.19174
5.18686
5.18686
5.19126
5.19126
5.19126
5.19126
5.19418
5.19418
5.18052
5.18052
5.1976
5.1976
5.1366
5.1366
5.31228
5.31228
5.15075
5.15075
5.21614
5.21614
5.16393
5.16393
5.17613
5.17613
5.20297
5.20297
5.19662
5.19662
5.21029
5.21029
5.22005
5.22005
5.17662
5.17662
5.21175
5.21175
5.1854
5.1854
5.14099
5.14099
5.23615
5.23615
5.222
5.222
5.2059
5.2059
5.15514
5.15514
5.20443
5.20443
5.19906
5.19906
5.16295
5.16295
5.26543
5.26543
5.11854
5.11854
5.16832
5.16832
5.23615
5.23615
5.20834
5.20834
5.14831
5.14831
5.22346
5.22346
5.18882
5.18882
5.19418
5.19418
5.25128
5.25128
5.20931
5.20931
5.23274
5.23274
5.21322
5.21322
5.1205
5.1205
5.18198
5.18198
5.17271
5.17271
5.14392
5.14392
5.21858
5.21858
5.14538
5.14538
5.23078
5.23078
5.14148
5.14148
5.22639
5.22639
5.1771
5.1771
5.20492
5.20492
5.16198
5.16198
5.20102
5.20102
5.24006
5.24006
5.12098
5.12098
5.23127
5.23127
5.11708
5.11708
5.24542
5.24542
5.16344
5.16344
5.20346
5.20346
5.17759
5.17759
5.19565
5.19565
5.20834
5.20834
5.15319
5.15319
5.21858
5.21858
5.20638
5.20638
5.17808
5.17808
5.17613
5.17613
5.18979
5.18979
5.17027
5.17027
5.20394
5.20394
5.20102
5.20102
5.20248
5.20248
5.17369
5.17369
5.20053
5.20053
5.19418
5.19418
5.17174
5.17174
5.18101
5.18101
5.21322
5.21322
5.21175
5.21175
5.16734
5.16734
5.20004
5.20004
5.17174
5.17174
5.20199
5.20199
5.16539
5.16539
5.2259
5.2259
5.18198
5.18198
5.15612
5.15612
5.20736
5.20736
5.15222
5.15222
5.2381
5.2381
5.16393
5.16393
5.16881
5.16881
5.16978
5.16978
5.18882
5.18882
5.21663
5.21663
5.17222
5.17222
5.20687
5.20687
5.13123
5.13123
5.28349
5.28349
5.11464
5.11464
5.18979
5.18979
5.18589
5.18589
5.20492
5.20492
5.18686
5.18686
5.16588
5.16588
5.21907
5.21907
5.17271
5.17271
5.17222
5.17222
5.23957
5.23957
5.2015
5.2015
5.21175
5.21175
5.18345
5.18345
5.1976
5.1976
5.19077
5.19077
5.20443
5.20443
5.20443
5.20443
5.18784
5.18784
5.18296
5.18296
5.17418
5.17418
5.1976
5.1976
5.19077
5.19077
5.20394
5.20394
5.18198
5.18198
5.20199
5.20199
5.18052
5.18052
5.17369
5.17369
5.19906
5.19906
5.18442
5.18442
5.21224
5.21224
5.16344
5.16344
5.2181
5.2181
5.20248
5.20248
5.18686
5.18686
5.19565
5.19565
5.17613
5.17613
5.21956
5.21956
5.1976
5.1976
5.18003
5.18003
5.19565
5.19565
5.19028
5.19028
5.20931
5.20931
5.18833
5.18833
5.17515
5.17515
5.15222
5.15222
5.19174
5.19174
5.21029
5.21029
5.17613
5.17613
5.23762
5.23762
5.16539
5.16539
5.20541
5.20541
5.14734
5.14734
5.25128
5.25128
5.18394
5.18394
5.19321
5.19321
5.22054
5.22054
5.18491
5.18491
5.16783
5.16783
5.1449
5.1449
5.26934
5.26934
5.17759
5.17759
5.21273
5.21273
5.14734
5.14734
5.16442
5.16442
5.19565
5.19565
5.1893
5.1893
5.26299
5.26299
5.12538
5.12538
5.19077
5.19077
5.18101
5.18101
5.19614
5.19614
5.24152
5.24152
5.1449
5.1449
5.21468
5.21468
5.19321
5.19321
5.20297
5.20297
5.17174
5.17174
5.21663
5.21663
5.18686
5.18686
5.17222
5.17222
5.19126
5.19126
5.19272
5.19272
5.21078
5.21078
5.15514
5.15514
5.18882
5.18882
5.20248
5.20248
5.19126
5.19126
5.17418
5.17418
5.20931
5.20931
5.19955
5.19955
5.19174
5.19174
5.17564
5.17564
5.2015
5.2015
5.16881
5.16881
5.19126
5.19126
5.24298
5.24298
5.13172
5.13172
5.23469
5.23469
5.09854
5.09854
5.21566
5.21566
5.17515
5.17515
5.2503
5.2503
5.15612
5.15612
5.18491
5.18491
5.1649
5.1649
5.23615
5.23615
5.18247
5.18247
5.18003
5.18003
5.20346
5.20346
5.16734
5.16734
5.19809
5.19809
6.2468
6.2468
9.34316
9.34316
3.49838
3.49838
6.70406
6.70406
4.76914
4.76914
3.9205
3.9205
5.74172
5.74172
3.63502
3.63502
5.03998
5.03998
5.59727
5.59727
4.85161
4.85161
5.50943
5.50943
6.02866
6.02866
4.72717
4.72717
4.96629
4.96629
4.73058
4.73058
4.65446
4.65446
4.93603
4.93603
5.47869
5.47869
5.20834
5.20834
5.09756
5.09756
6.24338
6.24338
4.55881
4.55881
5.1083
5.1083
5.18491
5.18491
4.77499
4.77499
5.3035
5.3035
5.26104
5.26104
5.42452
5.42452
5.26494
5.26494
5.27958
5.27958
5.24396
5.24396
4.56466
4.56466
4.6935
4.6935
4.86381
4.86381
4.8599
4.8599
4.44266
4.44266
5.79833
5.79833
4.4207
4.4207
6.27315
6.27315
4.58516
4.58516
4.83502
4.83502
5.71586
5.71586
3.52913
3.52913
6.60938
6.60938
3.64186
3.64186
5.81199
5.81199
4.61639
4.61639
5.73001
5.73001
4.99459
4.99459
4.93603
4.93603
5.13953
5.13953
4.85649
4.85649
4.98922
4.98922
4.96678
4.96678
5.32204
5.32204
4.9087
4.9087
5.20102
5.20102
5.11708
5.11708
4.94628
4.94628
4.54124
4.54124
5.60362
5.60362
4.67544
4.67544
5.22346
5.22346
5.52456
5.52456
5.06828
5.06828
4.82526
4.82526
4.9658
4.9658
5.61435
5.61435
4.3841
4.3841
5.1527
5.1527
5.57434
5.57434
5.11659
5.11659
4.98874
4.98874
5.15222
5.15222
4.93359
4.93359
5.08487
5.08487
5.23957
5.23957
5.23908
5.23908
5.18784
5.18784
4.85844
4.85844
5.43379
5.43379
5.22395
5.22395
5.11708
5.11708
5.26836
5.26836
4.82916
4.82916
5.10146
5.10146
5.19711
5.19711
5.16051
5.16051
5.03022
5.03022
5.35425
5.35425
5.57824
5.57824
4.60517
4.60517
5.44062
5.44062
5.5636
5.5636
4.75059
4.75059
5.2303
5.2303
5.84859
5.84859
4.92237
4.92237
5.48503
5.48503
5.42842
5.42842
5.50846
5.50846
4.82672
4.82672
5.23518
5.23518
4.90578
4.90578
5.771
5.771
5.11757
5.11757
5.42257
5.42257
5.1732
5.1732
5.15124
5.15124
5.44502
5.44502
5.51285
5.51285
5.11854
5.11854
4.89406
4.89406
5.32204
5.32204
5.45331
5.45331
5.61338
5.61338
5.0351
5.0351
5.40061
5.40061
5.40354
5.40354
5.0878
5.0878
5.47674
5.47674
4.87747
4.87747
5.45185
5.45185
5.27275
5.27275
5.6329
5.6329
5.21224
5.21224
5.55628
5.55628
5.07316
5.07316
5.56458
5.56458
5.07999
5.07999
5.21761
5.21761
5.46258
5.46258
5.2869
5.2869
5.47674
5.47674
5.50162
5.50162
5.1283
5.1283
5.24006
5.24006
5.53481
5.53481
5.18979
5.18979
5.27958
5.27958
5.22932
5.22932
5.05852
5.05852
5.12586
5.12586
5.49089
5.49089
4.94482
4.94482
5.75685
5.75685
5.14392
5.14392
5.56018
5.56018
4.8682
4.8682
5.30057
5.30057
5.35522
5.35522
5.19126
5.19126
5.47674
5.47674
5.4133
5.4133
5.02973
5.02973
5.12879
5.12879
5.21761
5.21761
5.40549
5.40549
5.32106
5.32106
5.28934
5.28934
5.14148
5.14148
5.01948
5.01948
5.2059
5.2059
5.49772
5.49772
5.32594
5.32594
5.18882
5.18882
5.19711
5.19711
4.95458
4.95458
5.14978
5.14978
5.22249
5.22249
5.50309
5.50309
5.27178
5.27178
4.94433
4.94433
4.99459
4.99459
5.10195
5.10195
5.22102
5.22102
5.30594
5.30594
5.24298
5.24298
4.83014
4.83014
4.91017
4.91017
5.26738
5.26738
5.34937
5.34937
5.47234
5.47234
5.08829
5.08829
5.07804
5.07804
4.79354
4.79354
5.22688
5.22688
5.14587
5.14587
5.23713
5.23713
5.33034
5.33034
5.18198
5.18198
5.20882
5.20882
4.75401
4.75401
5.33424
5.33424
5.33424
5.33424
5.20199
5.20199
5.12684
5.12684
5.15954
5.15954
5.18442
5.18442
5.24298
5.24298
5.24298
5.24298
5.20199
5.20199
5.12684
5.12684
5.15954
5.15954
5.18442
5.18442
5.24298
5.24298
5.23127
5.23127
5.1205
5.1205
5.08975
5.08975
5.16002
5.16002
5.31277
5.31277
5.30886
5.30886
5.24933
5.24933
5.07609
5.07609
5.12294
5.12294
5.22102
5.22102
5.34351
5.34351
5.19126
5.19126
5.13855
5.13855
5.20297
5.20297
5.30057
5.30057
5.25421
5.25421
5.1244
5.1244
5.10537
5.10537
5.17857
5.17857
5.2425
5.2425
5.18003
5.18003
5.22444
5.22444
5.2342
5.2342
5.15612
5.15612
5.17466
5.17466
5.18735
5.18735
5.19614
5.19614
5.18833
5.18833
5.1571
5.1571
5.15612
5.15612
5.23566
5.23566
5.23078
5.23078
5.23518
5.23518
5.11854
5.11854
5.19565
5.19565
5.14538
5.14538
5.19028
5.19028
5.19223
5.19223
5.16442
5.16442
5.21468
5.21468
5.2098
5.2098
5.27031
5.27031
5.19614
5.19614
5.13074
5.13074
5.14002
5.14002
5.18052
5.18052
5.24494
5.24494
5.19906
5.19906
5.22249
5.22249
5.16393
5.16393
5.16393
5.16393
5.15758
5.15758
5.16588
5.16588
5.20346
5.20346
5.17954
5.17954
5.21224
5.21224
5.20882
5.20882
5.1815
5.1815
5.17174
5.17174
5.13074
5.13074
5.161
5.161
5.20785
5.20785
5.2303
5.2303
5.10488
5.10488
5.27422
5.27422
5.14392
5.14392
5.24006
5.24006
5.16393
5.16393
5.17222
5.17222
5.25323
5.25323
5.12684
5.12684
5.17271
5.17271
5.28398
5.28398
5.10634
5.10634
5.22493
5.22493
5.23566
5.23566
5.08097
5.08097
5.2059
5.2059
5.12196
5.12196
5.26397
5.26397
5.1405
5.1405
5.19174
5.19174
5.26202
5.26202
5.18833
5.18833
5.24152
5.24152
5.16051
5.16051
5.17222
5.17222
5.09658
5.09658
5.18247
5.18247
5.19418
5.19418
5.27763
5.27763
5.22639
5.22639
5.21078
5.21078
5.16246
5.16246
5.14294
5.14294
5.10976
5.10976
5.1405
5.1405
5.22298
5.22298
5.28983
5.28983
5.30252
5.30252
5.1893
5.1893
5.12684
5.12684
5.14441
5.14441
5.16832
5.16832
5.17613
5.17613
5.3318
5.3318
5.23859
5.23859
5.22639
5.22639
5.1854
5.1854
5.20248
5.20248
5.19858
5.19858
5.14929
5.14929
5.21663
5.21663
5.20882
5.20882
5.26934
5.26934
5.17954
5.17954
5.21566
5.21566
5.14392
5.14392
5.17613
5.17613
5.15856
5.15856
5.22298
5.22298
5.20346
5.20346
5.24347
5.24347
5.21907
5.21907
5.18638
5.18638
5.17906
5.17906
5.18003
5.18003
5.20443
5.20443
5.14929
5.14929
5.21419
5.21419
5.00728
5.00728
5.26153
5.26153
5.22102
5.22102
5.22688
5.22688
5.20882
5.20882
5.2181
5.2181
5.20541
5.20541
5.21614
5.21614
5.18979
5.18979
5.16246
5.16246
5.20834
5.20834
5.21663
5.21663
5.22151
5.22151
5.1244
5.1244
5.21858
5.21858
5.20346
5.20346
5.2015
5.2015
5.20346
5.20346
5.18735
5.18735
5.18247
5.18247
5.19565
5.19565
5.18394
5.18394
5.26104
5.26104
5.14392
5.14392
5.2015
5.2015
5.18296
5.18296
5.2059
5.2059
5.16295
5.16295
5.24152
5.24152
5.17466
5.17466
5.2586
5.2586
5.12977
5.12977
5.2503
5.2503
5.14587
5.14587
5.2381
5.2381
5.1449
5.1449
5.19711
5.19711
5.20394
5.20394
5.16002
5.16002
5.21322
5.21322
5.20882
5.20882
5.2059
5.2059
5.27617
5.27617
5.16246
5.16246
5.10781
5.10781
5.23274
5.23274
5.13123
5.13123
5.18198
5.18198
5.2098
5.2098
5.15807
5.15807
5.22005
5.22005
5.10488
5.10488
5.15905
5.15905
5.2503
5.2503
5.29471
5.29471
5.14002
5.14002
5.16734
5.16734
5.14197
5.14197
5.25567
5.25567
5.13514
5.13514
5.17808
5.17808
5.16588
5.16588
5.21761
5.21761
5.23518
5.23518
5.19272
5.19272
5.20053
5.20053
5.19077
5.19077
5.20638
5.20638
5.24689
5.24689
5.15075
5.15075
5.18979
5.18979
5.20882
5.20882
5.1893
5.1893
5.1649
5.1649
5.23274
5.23274
5.21419
5.21419
5.13953
5.13953
5.24884
5.24884
5.18638
5.18638
5.18101
5.18101
5.18101
5.18101
5.16442
5.16442
5.18101
5.18101
5.19418
5.19418
5.17759
5.17759
5.15124
5.15124
5.25177
5.25177
5.18686
5.18686
5.17954
5.17954
5.18882
5.18882
5.1815
5.1815
5.24103
5.24103
5.16149
5.16149
5.1771
5.1771
5.18345
5.18345
5.21175
5.21175
5.16588
5.16588
5.16002
5.16002
5.22542
5.22542
5.15758
5.15758
5.22834
5.22834
5.19028
5.19028
5.22102
5.22102
5.17906
5.17906
5.20053
5.20053
5.18101
5.18101
5.18882
5.18882
5.1732
5.1732
5.17418
5.17418
5.19858
5.19858
5.19516
5.19516
5.18345
5.18345
5.16978
5.16978
5.21419
5.21419
5.22102
5.22102
5.21761
5.21761
5.1815
5.1815
5.12928
5.12928
5.26153
5.26153
5.20248
5.20248
5.28983
5.28983
5.16295
5.16295
5.19077
5.19077
5.15075
5.15075
5.20346
5.20346
5.17564
5.17564
5.2098
5.2098
5.20882
5.20882
5.18394
5.18394
5.17662
5.17662
5.16295
5.16295
5.1283
5.1283
5.20394
5.20394
5.26982
5.26982
5.18345
5.18345
5.26494
5.26494
5.22005
5.22005
5.14441
5.14441
5.18882
5.18882
5.23322
5.23322
5.1693
5.1693
5.18833
5.18833
5.17857
5.17857
5.20346
5.20346
5.19272
5.19272
5.18589
5.18589
5.20443
5.20443
5.19028
5.19028
5.19467
5.19467
5.17515
5.17515
5.18882
5.18882
5.19077
5.19077
5.17808
5.17808
5.18833
5.18833
5.19321
5.19321
5.20541
5.20541
5.17759
5.17759
5.1649
5.1649
5.22493
5.22493
5.19516
5.19516
5.21126
5.21126
5.20102
5.20102
5.20199
5.20199
5.21517
5.21517
5.15514
5.15514
5.20687
5.20687
5.21566
5.21566
5.18882
5.18882
5.18833
5.18833
5.22346
5.22346
5.18638
5.18638
5.20687
5.20687
5.20248
5.20248
5.18442
5.18442
5.18638
5.18638
5.18638
5.18638
5.19955
5.19955
5.18345
5.18345
5.2259
5.2259
5.20785
5.20785
5.20492
5.20492
5.17808
5.17808
5.21224
5.21224
5.19418
5.19418
5.20004
5.20004
5.18345
5.18345
5.20931
5.20931
5.23469
5.23469
5.14148
5.14148
5.22688
5.22688
5.19028
5.19028
5.1937
5.1937
5.21322
5.21322
5.21517
5.21517
5.19223
5.19223
5.20297
