6.95326e-310
6.95326e-310
4.99315
4.99315
4.99308
4.99308
4.993
4.993
4.993
4.993
4.9933
4.9933
4.99323
4.99323
4.99315
4.99315
4.99308
4.99308
4.993
4.993
4.993
4.993
4.9933
4.9933
4.99323
4.99323
4.99315
4.99315
4.99308
4.99308
4.993
4.993
4.99293
4.99293
4.99285
4.99285
4.99278
4.99278
4.9927
4.9927
4.99263
4.99263
4.99255
4.99255
4.99248
4.99248
4.9924
4.9924
4.99233
4.99233
4.99226
4.99226
4.99218
4.99218
4.99211
4.99211
4.99203
4.99203
4.99196
4.99196
4.99188
4.99188
4.99181
4.99181
4.99173
4.99173
4.99166
4.99166
4.99158
4.99158
4.99151
4.99151
4.99143
4.99143
4.99136
4.99136
4.99132
4.99132
4.99128
4.99128
4.99123
4.99123
4.99117
4.99117
4.99111
4.99111
4.99106
4.99106
4.991
4.991
4.99094
4.99094
4.99088
4.99088
4.99081
4.99081
4.99075
4.99075
4.99069
4.99069
4.99063
4.99063
4.99058
4.99058
4.99052
4.99052
4.99046
4.99046
4.99041
4.99041
3.08145
3.08145
4.99025
4.99025
3.08135
3.08135
4.99006
4.99006
3.08127
3.08127
4.98989
4.98989
3.08119
3.08119
4.98974
4.98974
3.08111
3.08111
4.98959
4.98959
3.08104
3.08104
4.98945
4.98945
3.08096
3.08096
4.9893
4.9893
3.08089
3.08089
4.98916
4.98916
3.08081
3.08081
4.98902
4.98902
3.08073
3.08073
4.98887
4.98887
3.08065
3.08065
4.98873
4.98873
3.08057
3.08057
4.98858
4.98858
3.08049
3.08049
4.98844
4.98844
3.08041
3.08041
4.98829
4.98829
3.08032
3.08032
4.98815
4.98815
3.08024
3.08024
4.988
4.988
3.08016
3.08016
4.98785
4.98785
3.08007
3.08007
4.98771
4.98771
3.07999
3.07999
4.98756
4.98756
3.0799
3.0799
4.98742
4.98742
3.07982
3.07982
4.98727
4.98727
3.07973
3.07973
4.98712
4.98712
3.07965
3.07965
4.98698
4.98698
3.07956
3.07956
4.98683
4.98683
3.07947
3.07947
4.98668
4.98668
3.07939
3.07939
4.98653
4.98653
3.0793
3.0793
4.98639
4.98639
3.07921
3.07921
4.98624
4.98624
3.07913
3.07913
4.98609
4.98609
3.07904
3.07904
4.98594
4.98594
3.07896
3.07896
4.9858
4.9858
3.07887
3.07887
4.98565
4.98565
3.07879
3.07879
4.9855
4.9855
3.0787
3.0787
4.98535
4.98535
3.07861
3.07861
4.9852
4.9852
3.07853
3.07853
4.98506
4.98506
3.07844
3.07844
4.98491
4.98491
3.07836
3.07836
4.98476
4.98476
3.07827
3.07827
4.98461
4.98461
3.07818
3.07818
4.98446
4.98446
3.0781
3.0781
4.98431
4.98431
3.07801
3.07801
4.98417
4.98417
3.07792
3.07792
4.98402
4.98402
3.07784
3.07784
4.98387
4.98387
3.07775
3.07775
4.98372
4.98372
3.07767
3.07767
4.98357
4.98357
3.07758
3.07758
4.98342
4.98342
3.07749
3.07749
4.98328
4.98328
3.07741
3.07741
4.98313
4.98313
4.98306
4.98306
3.07724
3.07724
4.98291
4.98291
3.07716
3.07716
4.98276
4.98276
3.07707
3.07707
4.98261
4.98261
3.07699
3.07699
4.98246
4.98246
3.0769
3.0769
4.98231
4.98231
3.07682
3.07682
4.98216
4.98216
3.07674
3.07674
4.98201
4.98201
3.07665
3.07665
4.98187
4.98187
3.07656
3.07656
4.98172
4.98172
3.07648
3.07648
4.98157
4.98157
3.07639
3.07639
4.98142
4.98142
3.0763
3.0763
4.98127
4.98127
3.07622
3.07622
4.98112
4.98112
3.07613
3.07613
4.98097
4.98097
3.07605
3.07605
4.98083
4.98083
3.07596
3.07596
4.98068
4.98068
4.98061
4.98061
3.0758
3.0758
4.98046
4.98046
3.07571
3.07571
4.98031
4.98031
3.07563
3.07563
4.98016
4.98016
3.07555
3.07555
4.98001
4.98001
3.07546
3.07546
4.97986
4.97986
3.07538
3.07538
4.97971
4.97971
3.07529
3.07529
4.97956
4.97956
3.0752
3.0752
4.97942
4.97942
3.07512
3.07512
4.97927
4.97927
3.07503
3.07503
4.97912
4.97912
3.07495
3.07495
4.97897
4.97897
3.07486
3.07486
4.97882
4.97882
3.07478
3.07478
4.97867
4.97867
3.07469
3.07469
4.97852
4.97852
3.07461
3.07461
4.97838
4.97838
3.07452
3.07452
4.97823
4.97823
4.97815
4.97815
3.07436
3.07436
4.97801
4.97801
3.07427
3.07427
4.97786
4.97786
3.07419
3.07419
4.97769
4.97769
3.07408
3.07408
4.97754
4.97754
3.07404
3.07404
4.9774
4.9774
4.97735
4.97735
4.97726
4.97726
3.07383
3.07383
4.97712
4.97712
3.07373
3.07373
4.97697
4.97697
3.07365
3.07365
4.9768
4.9768
3.07356
3.07356
4.97667
4.97667
3.07348
3.07348
4.97653
4.97653
3.0734
3.0734
4.97637
4.97637
3.0733
3.0733
4.97622
4.97622
3.07322
3.07322
4.97607
4.97607
3.07315
3.07315
4.97592
4.97592
3.07306
3.07306
4.97578
4.97578
3.07297
3.07297
4.97562
4.97562
3.07288
3.07288
4.97548
4.97548
3.0728
3.0728
4.97534
4.97534
3.07272
3.07272
4.97519
4.97519
3.07264
3.07264
4.97505
4.97505
3.07255
3.07255
4.9749
4.9749
3.07248
3.07248
4.97474
4.97474
4.97467
4.97467
4.97459
4.97459
4.97454
4.97454
3.0722
3.0722
4.97439
4.97439
3.07214
3.07214
4.97423
4.97423
3.07206
3.07206
4.97408
4.97408
3.07198
3.07198
4.97393
4.97393
3.0719
3.0719
4.97379
4.97379
3.07181
3.07181
4.97363
4.97363
3.07172
3.07172
4.97349
4.97349
3.07163
3.07163
4.97334
4.97334
3.07155
3.07155
4.97319
4.97319
3.07145
3.07145
4.97305
4.97305
3.07136
3.07136
4.9729
4.9729
3.07128
3.07128
4.97275
4.97275
3.0712
3.0712
4.97261
4.97261
3.07113
3.07113
4.97245
4.97245
4.97238
4.97238
3.07096
3.07096
4.97224
4.97224
3.07087
3.07087
4.97209
4.97209
3.07079
3.07079
4.97194
4.97194
3.0707
3.0707
4.9718
4.9718
3.07062
3.07062
4.97164
4.97164
3.07054
3.07054
4.97149
4.97149
3.07045
3.07045
4.97135
4.97135
3.07036
3.07036
4.9712
4.9712
3.07028
3.07028
4.97105
4.97105
3.07019
3.07019
4.97091
4.97091
3.07012
3.07012
4.97075
4.97075
3.07003
3.07003
4.97061
4.97061
3.06994
3.06994
4.97046
4.97046
3.06986
3.06986
4.97031
4.97031
3.06977
3.06977
4.97016
4.97016
4.97009
4.97009
3.06962
3.06962
4.96994
4.96994
3.06952
3.06952
4.96979
4.96979
3.06943
3.06943
4.96965
4.96965
3.06935
3.06935
4.96949
4.96949
3.06926
3.06926
4.96935
4.96935
3.06918
3.06918
4.9692
4.9692
3.06909
3.06909
4.96905
4.96905
3.06902
3.06902
4.9689
4.9689
3.06893
3.06893
4.96875
4.96875
3.06884
3.06884
4.96861
4.96861
3.06875
3.06875
4.96845
4.96845
3.06866
3.06866
4.9683
4.9683
3.06857
3.06857
4.96816
4.96816
3.06848
3.06848
4.96801
4.96801
3.0684
3.0684
4.96786
4.96786
3.06831
3.06831
4.96771
4.96771
3.06822
3.06822
4.96757
4.96757
3.06814
3.06814
4.96742
4.96742
3.06806
3.06806
4.96727
4.96727
3.06797
3.06797
4.96712
4.96712
3.06788
3.06788
4.96698
4.96698
4.9669
4.9669
3.06772
3.06772
4.96675
4.96675
3.06763
3.06763
4.9666
4.9666
3.06754
3.06754
4.96646
4.96646
3.06746
3.06746
4.9663
4.9663
3.06738
3.06738
4.96616
4.96616
3.06729
3.06729
4.96601
4.96601
3.0672
3.0672
4.96586
4.96586
3.06712
3.06712
4.96572
4.96572
3.06704
3.06704
4.96556
4.96556
3.06695
3.06695
4.96542
4.96542
3.06686
3.06686
4.96527
4.96527
3.06678
3.06678
4.96512
4.96512
3.06669
3.06669
4.96497
4.96497
3.06661
3.06661
4.96483
4.96483
3.06653
3.06653
4.96468
4.96468
3.06644
3.06644
4.96453
4.96453
3.06635
3.06635
4.96439
4.96439
3.06627
3.06627
4.96423
4.96423
4.96416
4.96416
3.0661
3.0661
4.96402
4.96402
3.06602
3.06602
4.96387
4.96387
3.06593
3.06593
4.96372
4.96372
3.06584
3.06584
4.96357
4.96357
3.06576
3.06576
4.96343
4.96343
3.06568
3.06568
3.06568
3.06568
4.94313
4.94313
3.05372
3.05372
4.94298
4.94298
3.05363
3.05363
4.94283
4.94283
4.94283
4.94283
4.94313
4.94313
3.05372
3.05372
4.94298
4.94298
3.05363
3.05363
4.94283
4.94283
3.05355
3.05355
4.94269
4.94269
3.05346
3.05346
4.94254
4.94254
3.05338
3.05338
4.94239
4.94239
4.94232
4.94232
3.05322
3.05322
4.94218
4.94218
3.05313
3.05313
4.94203
4.94203
3.05305
3.05305
4.94188
4.94188
3.05297
3.05297
4.94173
4.94173
3.05288
3.05288
4.94159
4.94159
3.0528
3.0528
4.94144
4.94144
3.05271
3.05271
4.9413
4.9413
3.05263
3.05263
4.94115
4.94115
3.05254
3.05254
4.941
4.941
3.05246
3.05246
4.94086
4.94086
3.05238
3.05238
4.94071
4.94071
3.05229
3.05229
4.94056
4.94056
3.0522
3.0522
4.94042
4.94042
3.05212
3.05212
4.94027
4.94027
3.05203
3.05203
4.94012
4.94012
3.05195
3.05195
4.93998
4.93998
3.05186
3.05186
4.93983
4.93983
4.93976
4.93976
3.0517
3.0517
4.93961
4.93961
3.05162
3.05162
4.93947
4.93947
3.05154
3.05154
4.93932
4.93932
3.05145
3.05145
4.93917
4.93917
3.05137
3.05137
4.93903
4.93903
3.05129
3.05129
4.93888
4.93888
3.0512
3.0512
4.93873
4.93873
3.05112
3.05112
4.93859
4.93859
3.05103
3.05103
4.93844
4.93844
3.05095
3.05095
4.9383
4.9383
3.05086
3.05086
4.93815
4.93815
3.05078
3.05078
4.938
4.938
3.0507
3.0507
4.93786
4.93786
3.05061
3.05061
4.93771
4.93771
3.05053
3.05053
4.93756
4.93756
4.93749
4.93749
3.05037
3.05037
4.93735
4.93735
3.05028
3.05028
4.9372
4.9372
3.0502
3.0502
4.93705
4.93705
3.05012
3.05012
4.93691
4.93691
3.05004
3.05004
4.93676
4.93676
3.04995
3.04995
4.93661
4.93661
3.04987
3.04987
4.93647
4.93647
3.04978
3.04978
4.93632
4.93632
3.0497
3.0497
4.93618
4.93618
3.04961
3.04961
4.93603
4.93603
3.04953
3.04953
4.93588
4.93588
3.04944
3.04944
4.93574
4.93574
3.04936
3.04936
4.93559
4.93559
3.04927
3.04927
4.93544
4.93544
3.04919
3.04919
4.9353
4.9353
3.0491
3.0491
4.93515
4.93515
4.93508
4.93508
3.04894
3.04894
4.93493
4.93493
3.04886
3.04886
4.93479
4.93479
3.04877
3.04877
4.93464
4.93464
3.04869
3.04869
4.9345
4.9345
3.04861
3.04861
4.93435
4.93435
3.04853
3.04853
4.9342
4.9342
3.04844
3.04844
4.93406
4.93406
3.04836
3.04836
4.93391
4.93391
3.04827
3.04827
4.93376
4.93376
3.04819
3.04819
4.93362
4.93362
3.04811
3.04811
4.93347
4.93347
3.04802
3.04802
4.93333
4.93333
3.04794
3.04794
4.93318
4.93318
3.04785
3.04785
4.93303
4.93303
3.04776
3.04776
4.93289
4.93289
3.04768
3.04768
4.93274
4.93274
4.93267
4.93267
3.04752
3.04752
4.93253
4.93253
3.04744
3.04744
4.93238
4.93238
3.04735
3.04735
4.93223
4.93223
3.04727
3.04727
4.93209
4.93209
3.04719
3.04719
4.93194
4.93194
3.0471
3.0471
4.9318
4.9318
3.04702
3.04702
4.93165
4.93165
3.04693
3.04693
4.9315
4.9315
3.04685
3.04685
4.93136
4.93136
3.04676
3.04676
4.93121
4.93121
3.04668
3.04668
4.93107
4.93107
3.04659
3.04659
4.93092
4.93092
3.04651
3.04651
4.93077
4.93077
3.04642
3.04642
4.93063
4.93063
3.04634
3.04634
4.93048
4.93048
3.04625
3.04625
4.93034
4.93034
3.04617
3.04617
4.93019
4.93019
3.04608
3.04608
4.93005
4.93005
4.92997
4.92997
3.04592
3.04592
4.92983
4.92983
3.04584
3.04584
4.92968
4.92968
3.04576
3.04576
4.92954
4.92954
3.04568
3.04568
4.92939
4.92939
3.04559
3.04559
4.92924
4.92924
3.04551
3.04551
4.9291
4.9291
3.04543
3.04543
4.92895
4.92895
3.04534
3.04534
4.92881
4.92881
3.04526
3.04526
4.92866
4.92866
3.04517
3.04517
4.92851
4.92851
3.04509
3.04509
4.92837
4.92837
3.04501
3.04501
4.92822
4.92822
3.04492
3.04492
4.92808
4.92808
3.04484
3.04484
4.92793
4.92793
3.04475
3.04475
4.92779
4.92779
4.92772
4.92772
3.04459
3.04459
4.92757
4.92757
3.04451
3.04451
4.92742
4.92742
3.04443
3.04443
4.92728
4.92728
3.04435
3.04435
4.92713
4.92713
3.04426
3.04426
4.92699
4.92699
3.04418
3.04418
4.92684
4.92684
3.04409
3.04409
4.9267
4.9267
3.04401
3.04401
4.92655
4.92655
3.04393
3.04393
4.9264
4.9264
3.04384
3.04384
4.92626
4.92626
3.04376
3.04376
4.92611
4.92611
3.04367
3.04367
4.92597
4.92597
3.04359
3.04359
4.92582
4.92582
3.0435
3.0435
4.92568
4.92568
3.04342
3.04342
4.92553
4.92553
4.92546
4.92546
3.04326
3.04326
4.92531
4.92531
3.04318
3.04318
4.92517
4.92517
3.04309
3.04309
4.92502
4.92502
3.04301
3.04301
4.92488
4.92488
3.04293
3.04293
4.92473
4.92473
3.04284
3.04284
4.92458
4.92458
3.04276
3.04276
4.92444
4.92444
3.04268
3.04268
4.92429
4.92429
3.04259
3.04259
4.92415
4.92415
3.04251
3.04251
4.924
4.924
3.04243
3.04243
4.92386
4.92386
3.04234
3.04234
4.92371
4.92371
3.04226
3.04226
4.92356
4.92356
3.04217
3.04217
4.92342
4.92342
3.04209
3.04209
4.92327
4.92327
4.9232
4.9232
3.04193
3.04193
4.92306
4.92306
3.04185
3.04185
4.92291
4.92291
3.04176
3.04176
4.92277
4.92277
3.04168
3.04168
4.92262
4.92262
3.0416
3.0416
4.92248
4.92248
3.04151
3.04151
4.92233
4.92233
3.04143
3.04143
4.92219
4.92219
3.04135
3.04135
4.92204
4.92204
3.04126
3.04126
4.92189
4.92189
3.04118
3.04118
4.92175
4.92175
3.04109
3.04109
4.9216
4.9216
3.04101
3.04101
4.92146
4.92146
3.04093
3.04093
4.92131
4.92131
3.04084
3.04084
4.92117
4.92117
3.04076
3.04076
4.92102
4.92102
4.92095
4.92095
3.0406
3.0406
4.92081
4.92081
3.04052
3.04052
4.92066
4.92066
3.04043
3.04043
4.92052
4.92052
3.04035
3.04035
4.92037
4.92037
3.04027
3.04027
4.92022
4.92022
3.04018
3.04018
4.92008
4.92008
3.0401
3.0401
4.91993
4.91993
3.04002
3.04002
4.91979
4.91979
3.03993
3.03993
4.91964
4.91964
3.03985
3.03985
4.9195
4.9195
3.03976
3.03976
4.91935
4.91935
3.03968
3.03968
4.91921
4.91921
3.03959
3.03959
4.91906
