6.95328e-310
6.95328e-310
5.73
5.73
3.07
3.07
2.16
2.16
5.73
5.73
5.73
5.73
3.14
3.14
5.73
5.73
3.07
3.07
2.16
2.16
5.73
5.73
5.73
5.73
3.14
3.14
5.73
5.73
3.07
3.07
2.16
2.16
5.73
5.73
5.03
5.03
2.51
2.51
5.66
5.66
3.7
3.7
2.93
2.93
6.08
6.08
3.35
3.35
3
3
5.66
5.66
2.86
2.86
2.3
2.3
5.17
5.17
4.12
4.12
2.3
2.3
6.01
6.01
4.05
4.05
2.37
2.37
5.73
5.73
3.49
3.49
3.14
3.14
6.29
6.29
2.58
2.58
3.49
3.49
5.66
5.66
3.98
3.98
2.72
2.72
5.87
5.87
3.28
3.28
3.49
3.49
5.94
5.94
2.51
2.51
3.77
3.77
6.01
6.01
2.58
2.58
4.12
4.12
5.87
5.87
3.56
3.56
3
3
5.8
5.8
2.93
2.93
3.77
3.77
5.52
5.52
2.51
2.51
4.61
4.61
4.68
4.68
3.28
3.28
5.52
5.52
3.77
3.77
2.37
2.37
4.96
4.96
4.82
4.82
2.37
2.37
5.73
5.73
4.12
4.12
2.86
2.86
5.94
5.94
3
3
3.28
3.28
5.17
5.17
2.86
2.86
2.37
2.37
5.87
5.87
3.98
3.98
2.93
2.93
5.94
5.94
3.14
3.14
3.21
3.21
6.01
6.01
2.72
2.72
4.05
4.05
5.59
5.59
2.72
2.72
2.58
2.58
5.87
5.87
3
3
3.14
3.14
5.73
5.73
3.07
3.07
4.12
4.12
5.45
5.45
2.72
2.72
4.75
4.75
5.17
5.17
3.14
3.14
4.89
4.89
6.08
6.08
3.07
3.07
3.7
3.7
5.8
5.8
2.51
2.51
4.05
4.05
5.52
5.52
2.37
2.37
4.68
4.68
5.31
5.31
3
3
3.63
3.63
5.8
5.8
2.65
2.65
3.98
3.98
5.17
5.17
2.16
2.16
5.17
5.17
5.03
5.03
2.09
2.09
3.28
3.28
4.19
4.19
2.37
2.37
4.89
4.89
6.43
6.43
2.02
2.02
4.12
4.12
3.49
3.49
3.49
3.49
6.08
6.08
3.56
3.56
2.93
2.93
5.87
5.87
3.14
3.14
3.84
3.84
5.1
5.1
3.84
3.84
2.72
2.72
6.15
6.15
3.7
3.7
1.95
1.95
5.66
5.66
3.7
3.7
2.79
2.79
5.8
5.8
4.82
4.82
3.84
3.84
6.64
6.64
4.12
4.12
1.88
1.88
5.24
5.24
3.91
3.91
3
3
5.52
5.52
3.35
3.35
3.63
3.63
6.22
6.22
2.65
2.65
2.02
2.02
5.17
5.17
3.63
3.63
3.56
3.56
6.22
6.22
3.07
3.07
4.19
4.19
5.66
5.66
2.3
2.3
3.7
3.7
5.38
5.38
2.16
2.16
3.35
3.35
6.29
6.29
3.21
3.21
3.56
3.56
6.08
6.08
2.51
2.51
4.05
4.05
5.17
5.17
2.58
2.58
4.89
4.89
4.47
4.47
2.58
2.58
-12.61
-12.61
4.96
4.96
2.16
2.16
4.4
4.4
4.89
4.89
2.72
2.72
5.66
5.66
4.12
4.12
2.23
2.23
5.52
5.52
3.91
3.91
2.44
2.44
5.87
5.87
5.03
5.03
2.23
2.23
5.24
5.24
4.4
4.4
2.23
2.23
5.59
5.59
4.05
4.05
2.23
2.23
5.73
5.73
3.77
3.77
2.23
2.23
6.08
6.08
21.27
21.27
1.95
1.95
5.1
5.1
4.26
4.26
2.65
2.65
5.73
5.73
3.63
3.63
3.35
3.35
6.15
6.15
2.86
2.86
3.42
3.42
5.31
5.31
2.23
2.23
2.93
2.93
5.87
5.87
3.28
3.28
3.7
3.7
30.93
30.93
35.97
35.97
-9.67
-9.67
-2.67
-2.67
-53
-53
-11.63
-11.63
-44.32
-44.32
48.08
48.08
85.18
85.18
57.53
57.53
24.56
24.56
45.14
45.14
36.04
36.04
28.06
28.06
36.88
36.88
-11.84
-11.84
-45.86
-45.86
-64.41
-64.41
-63.64
-63.64
-16.04
-16.04
11.47
11.47
34.92
34.92
32.61
32.61
10.42
10.42
7.2
7.2
-21.22
-21.22
-40.12
-40.12
-10.44
-10.44
-2.04
-2.04
11.82
11.82
7.41
7.41
31
31
24.77
24.77
20.92
20.92
-7.5
-7.5
-15.48
-15.48
-11.07
-11.07
11.05
11.05
19.8
19.8
8.53
8.53
22.67
22.67
3.84
3.84
1.67
1.67
3.63
3.63
-6.73
-6.73
-14.71
-14.71
8.39
8.39
5.1
5.1
13.78
13.78
18.61
18.61
-7.01
-7.01
-10.23
-10.23
-20.73
-20.73
-10.44
-10.44
2.3
2.3
-1.69
-1.69
25.33
25.33
15.46
15.46
10
10
0.27
0.27
-10.02
-10.02
-6.94
-6.94
2.44
2.44
3.28
3.28
16.16
16.16
10.49
10.49
9.79
9.79
0.62
0.62
2.23
2.23
-2.39
-2.39
-2.81
-2.81
-1.97
-1.97
13.99
13.99
7.48
7.48
0.41
0.41
6.15
6.15
8.18
8.18
-4.56
-4.56
-6.45
-6.45
-11.98
-11.98
-0.85
-0.85
7.41
7.41
8.74
8.74
15.39
15.39
11.82
11.82
0.48
0.48
-8.69
-8.69
2.86
2.86
-1.55
-1.55
-3.51
-3.51
4.12
4.12
7.62
7.62
0.48
0.48
5.59
5.59
3.56
3.56
2.16
2.16
4.68
4.68
0.48
0.48
-8.2
-8.2
-2.67
-2.67
4.96
4.96
0.55
0.55
8.46
8.46
12.73
12.73
8.18
8.18
-2.32
-2.32
-9.6
-9.6
0.97
0.97
12.73
12.73
8.67
8.67
6.99
6.99
13.78
13.78
13.36
13.36
9.79
9.79
5.66
5.66
3.63
3.63
5.24
5.24
2.79
2.79
4.47
4.47
12.31
12.31
13.43
13.43
6.36
6.36
4.96
4.96
-0.92
-0.92
-3.09
-3.09
-0.5
-0.5
9.23
9.23
8.6
8.6
-7.85
-7.85
8.18
8.18
-1.69
-1.69
5.66
5.66
-2.81
-2.81
7.48
7.48
13.08
13.08
2.65
2.65
11.47
11.47
7.83
7.83
-2.74
-2.74
3.14
3.14
10.56
10.56
6.85
6.85
4.12
4.12
1.39
1.39
-4
-4
6.22
6.22
12.8
12.8
4.47
4.47
7.83
7.83
6.29
6.29
1.32
1.32
-1.97
-1.97
1.11
1.11
0.48
0.48
6.5
6.5
3.84
3.84
1.11
1.11
7.34
7.34
6.71
6.71
2.51
2.51
7.76
7.76
3.07
3.07
-0.71
-0.71
3.49
3.49
8.46
8.46
2.65
2.65
7.13
7.13
6.08
6.08
2.51
2.51
-1.55
-1.55
3.49
3.49
10.77
10.77
7.62
7.62
5.87
5.87
1.32
1.32
2.23
2.23
4.19
4.19
1.67
1.67
7.69
7.69
2.51
2.51
-3.86
-3.86
8.25
8.25
8.25
8.25
6.85
6.85
2.58
2.58
4.82
4.82
7.2
7.2
22.67
22.67
22.67
22.67
6.85
6.85
2.58
2.58
4.82
4.82
7.2
7.2
22.67
22.67
22.67
22.67
6.85
6.85
2.58
2.58
4.82
4.82
7.2
7.2
22.67
22.67
4.61
4.61
3.63
3.63
1.25
1.25
4.19
4.19
6.92
6.92
4.82
4.82
6.64
6.64
6.36
6.36
1.32
1.32
2.65
2.65
2.86
2.86
-1.13
-1.13
3.84
3.84
7.69
7.69
2.86
2.86
5.73
5.73
5.03
5.03
1.53
1.53
4.75
4.75
3.35
3.35
0.9
0.9
6.08
6.08
7.69
7.69
6.08
6.08
7.83
7.83
5.59
5.59
1.32
1.32
3.77
3.77
0.0599999
0.0599999
1.88
1.88
6.36
6.36
3.42
3.42
6.15
6.15
6.15
6.15
1.74
1.74
2.09
2.09
2.93
2.93
1.53
1.53
4.47
4.47
7.76
7.76
3.77
3.77
6.57
6.57
6.01
6.01
-0.0100002
-0.0100002
3.63
3.63
3.56
3.56
0.97
0.97
3.49
3.49
6.57
6.57
3.14
3.14
4.47
4.47
5.66
5.66
1.18
1.18
3.7
3.7
6.57
6.57
0.0599999
0.0599999
5.73
5.73
4.4
4.4
2.51
2.51
-11.91
-11.91
5.8
5.8
0.62
0.62
3.7
3.7
4.54
4.54
2.37
2.37
8.25
8.25
3.91
3.91
2.58
2.58
4.54
4.54
2.79
2.79
3.21
3.21
4.33
4.33
4.61
4.61
3.84
3.84
7.41
7.41
1.74
1.74
2.16
2.16
5.66
5.66
1.81
1.81
4.61
4.61
5.24
5.24
3.77
3.77
4.68
4.68
5.38
5.38
1.53
1.53
4.05
4.05
4.19
4.19
2.23
2.23
6.43
6.43
5.17
5.17
2.09
2.09
6.99
6.99
2.65
2.65
3.63
3.63
5.38
5.38
1.88
1.88
3.35
3.35
7.34
7.34
2.44
2.44
3
3
5.73
5.73
1.67
1.67
3
3
4.33
4.33
1.46
1.46
4.89
4.89
3.77
3.77
2.58
2.58
7.34
7.34
7.06
7.06
2.23
2.23
5.03
5.03
4.96
4.96
0.97
0.97
4.89
4.89
6.08
6.08
0.97
0.97
10.49
10.49
3.63
3.63
2.65
2.65
3.14
3.14
1.25
1.25
1.39
1.39
8.6
8.6
4.26
4.26
3.7
3.7
6.08
6.08
3.77
3.77
2.3
2.3
6.29
6.29
3.28
3.28
4.12
4.12
5.66
5.66
4.05
4.05
3.21
3.21
5.52
5.52
2.44
2.44
3.07
3.07
5.8
5.8
1.04
1.04
5.8
5.8
6.29
6.29
2.79
2.79
3.63
3.63
3
3
1.88
1.88
5.17
5.17
5.45
5.45
3.07
3.07
6.08
6.08
2.65
2.65
3.21
3.21
6.22
6.22
2.02
2.02
4.12
4.12
5.45
5.45
2.16
2.16
4.68
4.68
6.01
6.01
2.65
2.65
3.84
3.84
5.87
5.87
1.67
1.67
5.24
5.24
6.08
6.08
0.55
0.55
4.05
4.05
6.85
6.85
2.16
2.16
4.75
4.75
6.36
6.36
1.74
1.74
4.54
4.54
5.38
5.38
1.04
1.04
5.8
5.8
5.87
5.87
-0.0100002
-0.0100002
6.29
6.29
21.62
21.62
2.58
2.58
7.34
7.34
6.36
6.36
0.69
0.69
4.68
4.68
5.45
5.45
1.88
1.88
5.94
5.94
5.1
5.1
1.74
1.74
5.52
5.52
3.98
3.98
1.95
1.95
4.54
4.54
5.17
5.17
1.88
1.88
5.52
5.52
4.47
4.47
2.37
2.37
7.69
7.69
2.86
2.86
1.32
1.32
5.73
5.73
4.26
4.26
3.84
3.84
5.94
5.94
1.88
1.88
1.67
1.67
6.43
6.43
2.86
2.86
3.84
3.84
5.8
5.8
3.49
3.49
4.33
4.33
5.24
5.24
1.74
1.74
4.33
4.33
6.64
6.64
3.21
3.21
3.07
3.07
5.52
5.52
1.74
1.74
4.75
4.75
5.73
5.73
1.25
1.25
5.52
5.52
3.91
3.91
2.37
2.37
5.66
5.66
4.75
4.75
1.6
1.6
5.31
5.31
5.1
5.1
1.95
1.95
4.89
4.89
4.75
4.75
0.97
0.97
6.64
6.64
4.12
4.12
3.63
3.63
5.59
5.59
1.04
1.04
2.65
2.65
7.48
7.48
3.98
3.98
2.51
2.51
5.59
5.59
2.37
2.37
4.05
4.05
7.27
7.27
2.3
2.3
3.91
3.91
6.08
6.08
2.37
2.37
2.58
2.58
6.08
6.08
2.65
2.65
3.14
3.14
7.27
7.27
2.93
2.93
3.28
3.28
6.78
6.78
1.88
1.88
4.47
4.47
22.67
22.67
2.93
2.93
4.89
4.89
6.78
6.78
2.16
2.16
3.21
3.21
6.36
6.36
2.51
2.51
4.47
4.47
4.68
4.68
1.25
1.25
5.45
5.45
5.66
5.66
2.65
2.65
2.44
2.44
5.52
5.52
1.32
1.32
4.19
4.19
5.94
5.94
2.65
2.65
5.52
5.52
6.22
6.22
1.04
1.04
5.31
5.31
4.75
4.75
2.51
2.51
3.07
3.07
7.41
7.41
2.37
2.37
4.47
4.47
6.5
6.5
1.67
1.67
3.84
3.84
4.61
4.61
1.88
1.88
-12.19
-12.19
4.75
4.75
2.16
2.16
4.26
4.26
5.52
5.52
1.81
1.81
5.31
5.31
5.24
5.24
1.25
1.25
7.48
7.48
3.63
3.63
0.9
0.9
5.8
5.8
6.71
6.71
2.65
2.65
4.96
4.96
5.1
5.1
1.46
1.46
5.52
5.52
5.17
5.17
1.74
1.74
5.45
5.45
3.91
3.91
2.58
2.58
6.36
6.36
2.65
2.65
1.04
1.04
5.73
5.73
4.61
4.61
2.51
2.51
6.43
6.43
3.42
3.42
1.95
1.95
6.99
6.99
3.35
3.35
2.51
2.51
6.22
6.22
2.23
2.23
1.81
1.81
