6.95255e-310
6.95255e-310
5.19223
5.19223
5.18882
5.18882
5.1937
5.1937
5.19906
5.19906
5.19272
5.19272
5.19174
5.19174
5.19223
5.19223
5.19126
5.19126
5.18394
5.18394
5.20931
5.20931
5.26104
5.26104
5.16393
5.16393
5.21322
5.21322
5.16881
5.16881
5.16051
5.16051
5.23664
5.23664
5.21273
5.21273
5.17906
5.17906
5.20443
5.20443
5.16637
5.16637
5.2303
5.2303
5.14099
5.14099
5.20736
5.20736
5.20102
5.20102
5.14978
5.14978
5.20394
5.20394
5.20248
5.20248
5.19614
5.19614
5.1649
5.1649
5.22786
5.22786
5.18491
5.18491
5.21907
5.21907
5.20687
5.20687
5.16002
5.16002
5.14831
5.14831
5.22249
5.22249
5.21712
5.21712
5.14538
5.14538
5.2547
5.2547
5.12391
5.12391
5.20736
5.20736
5.24201
5.24201
5.18784
5.18784
5.23322
5.23322
5.18882
5.18882
5.18638
5.18638
5.17954
5.17954
5.1571
5.1571
5.26543
5.26543
5.1122
5.1122
5.20297
5.20297
5.17271
5.17271
5.22151
5.22151
5.20394
5.20394
5.16783
5.16783
5.21419
5.21419
5.16978
5.16978
5.22298
5.22298
5.14734
5.14734
5.22932
5.22932
5.19906
5.19906
5.21614
5.21614
5.12782
5.12782
5.1732
5.1732
5.25323
5.25323
5.1366
5.1366
5.2059
5.2059
5.11318
5.11318
5.2381
5.2381
5.19028
5.19028
5.19321
5.19321
5.19662
5.19662
5.20053
5.20053
5.17954
5.17954
5.19126
5.19126
5.1771
5.1771
5.18442
5.18442
5.16002
5.16002
5.23176
5.23176
5.18638
5.18638
5.19955
5.19955
5.16881
5.16881
5.21126
5.21126
5.20541
5.20541
5.19077
5.19077
5.1893
5.1893
5.20638
5.20638
5.16881
5.16881
5.23078
5.23078
5.19028
5.19028
5.18003
5.18003
5.18442
5.18442
5.16978
5.16978
5.2342
5.2342
5.21419
5.21419
5.21273
5.21273
5.14782
5.14782
5.19614
5.19614
5.21029
5.21029
5.1649
5.1649
5.16539
5.16539
5.22005
5.22005
5.20297
5.20297
5.19418
5.19418
5.15612
5.15612
5.23274
5.23274
5.1449
5.1449
5.21029
5.21029
5.14782
5.14782
5.22932
5.22932
5.15563
5.15563
5.21322
5.21322
5.1161
5.1161
5.23322
5.23322
5.21614
5.21614
5.22688
5.22688
5.16393
5.16393
5.1854
5.1854
5.18052
5.18052
5.17906
5.17906
5.18052
5.18052
5.20492
5.20492
5.17564
5.17564
5.17857
5.17857
5.18198
5.18198
5.16588
5.16588
5.21029
5.21029
5.21956
5.21956
5.2059
5.2059
5.18979
5.18979
5.18296
5.18296
5.17662
5.17662
5.18198
5.18198
5.18442
5.18442
5.20248
5.20248
5.18882
5.18882
5.19077
5.19077
5.20004
5.20004
5.19126
5.19126
5.18979
5.18979
5.18442
5.18442
5.18686
5.18686
5.18442
5.18442
5.18735
5.18735
5.19711
5.19711
5.18979
5.18979
5.21078
5.21078
5.19126
5.19126
5.1815
5.1815
5.16442
5.16442
5.20492
5.20492
5.19223
5.19223
5.20004
5.20004
5.18979
5.18979
5.17954
5.17954
5.23078
5.23078
5.18491
5.18491
5.17515
5.17515
5.17613
5.17613
5.19174
5.19174
5.19858
5.19858
5.19272
5.19272
5.19662
5.19662
5.18491
5.18491
5.19028
5.19028
5.19028
5.19028
5.19174
5.19174
5.19662
5.19662
5.19028
5.19028
5.19223
5.19223
5.19467
5.19467
5.20541
5.20541
5.18735
5.18735
5.18394
5.18394
5.18784
5.18784
5.18735
5.18735
5.18589
5.18589
5.19614
5.19614
5.1893
5.1893
5.20004
5.20004
5.1976
5.1976
5.18052
5.18052
5.19614
5.19614
5.19077
5.19077
5.19126
5.19126
5.18686
5.18686
5.19516
5.19516
5.19028
5.19028
5.18833
5.18833
5.20931
5.20931
5.16295
5.16295
5.20638
5.20638
5.1571
5.1571
5.25567
5.25567
5.10439
5.10439
5.30545
5.30545
5.17271
5.17271
5.21712
5.21712
5.10439
5.10439
5.26787
5.26787
5.16539
5.16539
5.11415
5.11415
5.13318
5.13318
5.17466
5.17466
5.19418
5.19418
5.20199
5.20199
5.16881
5.16881
5.19272
5.19272
5.21614
5.21614
5.19809
5.19809
5.17759
5.17759
5.18735
5.18735
5.20443
5.20443
5.23371
5.23371
8.38912
8.38912
9.18066
9.18066
3.4774
3.4774
8.51258
8.51258
2.93133
2.93133
5.77686
5.77686
4.5915
4.5915
3.3759
3.3759
6.43663
6.43663
4.33872
4.33872
5.2503
5.2503
6.43614
6.43614
4.87308
4.87308
4.88674
4.88674
5.72269
5.72269
4.3885
4.3885
4.58321
4.58321
5.35376
5.35376
4.73156
4.73156
5.05169
5.05169
5.76661
5.76661
5.14831
5.14831
4.94042
4.94042
4.7501
4.7501
4.54222
4.54222
4.69642
4.69642
5.1976
5.1976
5.33082
5.33082
5.37914
5.37914
5.34693
5.34693
5.11318
5.11318
4.95018
4.95018
5.51919
5.51919
4.00102
4.00102
5.29618
5.29618
5.24738
5.24738
4.80476
4.80476
5.58361
5.58361
5.15124
5.15124
5.46893
5.46893
4.81891
4.81891
5.2669
5.2669
4.62127
4.62127
5.13172
5.13172
5.03022
5.03022
5.19028
5.19028
5.13806
5.13806
5.34156
5.34156
5.25958
5.25958
5.08146
5.08146
5.09902
5.09902
4.82184
4.82184
5.09463
5.09463
5.05169
5.05169
5.01118
5.01118
5.14148
5.14148
5.60752
5.60752
5.07365
5.07365
5.21224
5.21224
4.85551
4.85551
4.88674
4.88674
4.99215
4.99215
5.38792
5.38792
5.16832
5.16832
5.14929
5.14929
5.31521
5.31521
5.53871
5.53871
4.80818
4.80818
5.14246
5.14246
4.95555
4.95555
5.19906
5.19906
4.76279
4.76279
5.29422
5.29422
5.20102
5.20102
5.35962
5.35962
5.1893
5.1893
5.21322
5.21322
5.2137
5.2137
5.04681
5.04681
4.98971
4.98971
5.12196
5.12196
5.01606
5.01606
5.15612
5.15612
5.2747
5.2747
5.2181
5.2181
5.17857
5.17857
5.12977
5.12977
5.19223
5.19223
5.3235
5.3235
4.84722
4.84722
5.28739
5.28739
5.28739
5.28739
5.0878
5.0878
5.25665
5.25665
5.11757
5.11757
5.16344
5.16344
5.39231
5.39231
5.11708
5.11708
4.97068
4.97068
5.33082
5.33082
5.18833
5.18833
5.18686
5.18686
5.21517
5.21517
5.27422
5.27422
5.11025
5.11025
5.07511
5.07511
5.20248
5.20248
5.40305
5.40305
4.96726
4.96726
5.36645
5.36645
5.11269
5.11269
5.31472
5.31472
5.07902
5.07902
5.1937
5.1937
5.19077
5.19077
5.18052
5.18052
5.25421
5.25421
5.09561
5.09561
5.24884
5.24884
5.22346
5.22346
5.36108
5.36108
5.14587
5.14587
5.16246
5.16246
5.11122
5.11122
5.06096
5.06096
5.2547
5.2547
5.10195
5.10195
5.28739
5.28739
5.18686
5.18686
5.14392
5.14392
5.20394
5.20394
5.08487
5.08487
5.45331
5.45331
5.1893
5.1893
5.01899
5.01899
5.28056
5.28056
5.28202
5.28202
5.14538
5.14538
5.15807
5.15807
5.18784
5.18784
5.20687
5.20687
5.01606
5.01606
5.31277
5.31277
5.10976
5.10976
5.19662
5.19662
5.03754
5.03754
5.30838
5.30838
5.11513
5.11513
5.05706
5.05706
5.36986
5.36986
5.04339
5.04339
5.3157
5.3157
5.11659
5.11659
5.23615
5.23615
5.16588
5.16588
5.17662
5.17662
5.23127
5.23127
5.1205
5.1205
5.2669
5.2669
5.04437
5.04437
5.43721
5.43721
4.9902
4.9902
5.35425
5.35425
4.99801
4.99801
5.41183
5.41183
5.04925
5.04925
5.31082
5.31082
4.978
4.978
5.23566
5.23566
5.25811
5.25811
5.25128
5.25128
5.23859
5.23859
4.9619
4.9619
5.39963
5.39963
5.16539
5.16539
5.22883
5.22883
5.25372
5.25372
5.03998
5.03998
5.21126
5.21126
5.23078
5.23078
5.19174
5.19174
5.24445
5.24445
5.22054
5.22054
5.09805
5.09805
5.07853
5.07853
5.20638
5.20638
5.17759
5.17759
5.19418
5.19418
5.26397
5.26397
5.27031
5.27031
5.13367
5.13367
5.08097
5.08097
5.22639
5.22639
5.19906
5.19906
5.18491
5.18491
5.2015
5.2015
5.2991
5.2991
5.21175
5.21175
5.11903
5.11903
5.11513
5.11513
5.16344
5.16344
5.22444
5.22444
5.21322
5.21322
5.2098
5.2098
5.21224
5.21224
5.24054
5.24054
5.2137
5.2137
5.15124
5.15124
5.14782
5.14782
5.13806
5.13806
5.16539
5.16539
5.21712
5.21712
5.2303
5.2303
5.26006
5.26006
5.15954
5.15954
5.16686
5.16686
5.13806
5.13806
5.21663
5.21663
5.21419
5.21419
5.20541
5.20541
5.15612
5.15612
5.15612
5.15612
5.18345
5.18345
5.21956
5.21956
5.12196
5.12196
5.25909
5.25909
5.18296
5.18296
5.18296
5.18296
5.18345
5.18345
5.21956
5.21956
5.12196
5.12196
5.25909
5.25909
5.18296
5.18296
5.15905
5.15905
5.23127
5.23127
5.09463
5.09463
5.21468
5.21468
5.21614
5.21614
5.23566
5.23566
5.12342
5.12342
5.20053
5.20053
5.18979
5.18979
5.14831
5.14831
5.23713
5.23713
5.11757
5.11757
5.22542
5.22542
5.20882
5.20882
5.22249
5.22249
5.14929
5.14929
5.2303
5.2303
5.15954
5.15954
5.1527
5.1527
5.18979
5.18979
5.21078
5.21078
5.21761
5.21761
5.21761
5.21761
5.20541
5.20541
5.17564
5.17564
5.18882
5.18882
5.15661
5.15661
5.16539
5.16539
5.21956
5.21956
5.20736
5.20736
5.21078
5.21078
5.17174
5.17174
5.23371
5.23371
5.15807
5.15807
5.18589
5.18589
5.13221
5.13221
5.20199
5.20199
5.20541
5.20541
5.20443
5.20443
5.20248
5.20248
5.20346
5.20346
5.19906
5.19906
5.18784
5.18784
5.14831
5.14831
5.17564
5.17564
5.18735
5.18735
5.18882
5.18882
5.20834
5.20834
5.1527
5.1527
5.22737
5.22737
5.1732
5.1732
5.19467
5.19467
5.19321
5.19321
5.16051
5.16051
5.20102
5.20102
5.20785
5.20785
5.18198
5.18198
5.20199
5.20199
5.1937
5.1937
5.2015
5.2015
5.15612
5.15612
5.19906
5.19906
5.1732
5.1732
5.1854
5.1854
5.21078
5.21078
5.16539
5.16539
5.19711
5.19711
5.23664
5.23664
5.16978
5.16978
5.161
5.161
5.18198
5.18198
5.17759
5.17759
5.17515
5.17515
5.16832
5.16832
5.2464
5.2464
5.17027
5.17027
5.19126
5.19126
5.17808
5.17808
5.20834
5.20834
5.1854
5.1854
5.14441
5.14441
5.18247
5.18247
5.21078
5.21078
5.20931
5.20931
5.17418
5.17418
5.20492
5.20492
5.18735
5.18735
5.14636
5.14636
5.18247
5.18247
5.2137
5.2137
5.19418
5.19418
5.18491
5.18491
5.2059
5.2059
5.19662
5.19662
5.17174
5.17174
5.17466
5.17466
5.20394
5.20394
5.18735
5.18735
5.18686
5.18686
5.16051
5.16051
5.21078
5.21078
5.18686
5.18686
5.2015
5.2015
5.19565
5.19565
5.20443
5.20443
5.19321
5.19321
5.17759
5.17759
5.2015
5.2015
5.19028
5.19028
5.19272
5.19272
5.20102
5.20102
5.19467
5.19467
5.18003
5.18003
5.17369
5.17369
5.19906
5.19906
5.17125
5.17125
5.19711
5.19711
5.18686
5.18686
5.1937
5.1937
5.18979
5.18979
5.1771
5.1771
5.1937
5.1937
5.19955
5.19955
5.19174
5.19174
5.17125
5.17125
5.20053
5.20053
5.18296
5.18296
5.18247
5.18247
5.19077
5.19077
5.21419
5.21419
5.16978
5.16978
5.19321
5.19321
5.17954
5.17954
5.18296
5.18296
5.1854
5.1854
5.19565
5.19565
5.19467
5.19467
5.19955
5.19955
5.18345
5.18345
5.1893
5.1893
5.17954
5.17954
5.18442
5.18442
5.18589
5.18589
5.19223
5.19223
5.17857
5.17857
5.19321
5.19321
5.18833
5.18833
5.18979
5.18979
5.17613
5.17613
5.19516
5.19516
5.18442
5.18442
5.19418
5.19418
5.18784
5.18784
5.2015
5.2015
5.1815
5.1815
5.17564
5.17564
5.19516
5.19516
5.1893
5.1893
5.21468
5.21468
5.161
5.161
5.15758
5.15758
5.24591
5.24591
5.03802
5.03802
5.26787
5.26787
5.31374
5.31374
5.00582
5.00582
5.3357
5.3357
5.18052
5.18052
5.2547
5.2547
4.9902
4.9902
5.38646
5.38646
5.08194
5.08194
5.26641
5.26641
5.13367
5.13367
5.1854
5.1854
5.18979
5.18979
5.10732
5.10732
5.1854
5.1854
5.13318
5.13318
5.31667
5.31667
5.1405
5.1405
5.14002
5.14002
5.25665
5.25665
5.23713
5.23713
5.09512
5.09512
5.20687
5.20687
5.23908
5.23908
5.11562
5.11562
5.27324
5.27324
5.31521
5.31521
4.97117
4.97117
5.28056
5.28056
5.23469
5.23469
5.06535
5.06535
5.34498
5.34498
5.17466
5.17466
5.18833
5.18833
5.18784
5.18784
5.21322
5.21322
5.16978
5.16978
5.20053
5.20053
5.17369
5.17369
5.10293
5.10293
5.35571
5.35571
5.10927
5.10927
5.14538
5.14538
5.30447
5.30447
5.09317
5.09317
5.20834
5.20834
5.1283
5.1283
5.32448
5.32448
5.06145
5.06145
5.21907
5.21907
5.14099
5.14099
5.27519
5.27519
5.09561
5.09561
5.19223
5.19223
5.18784
5.18784
5.23322
5.23322
5.19077
5.19077
5.14538
5.14538
5.2137
5.2137
5.09414
5.09414
5.34693
5.34693
5.15075
5.15075
5.21126
5.21126
5.19077
5.19077
5.22102
5.22102
5.15368
5.15368
5.1893
5.1893
5.20199
5.20199
5.16344
5.16344
5.1976
5.1976
5.18052
5.18052
5.21175
5.21175
5.18052
5.18052
5.19711
5.19711
5.18589
5.18589
5.19077
5.19077
5.1893
5.1893
5.17418
5.17418
5.19028
5.19028
5.19858
5.19858
5.19662
5.19662
5.19858
5.19858
5.17662
5.17662
5.23469
5.23469
5.04095
5.04095
5.28593
5.28593
5.20492
5.20492
5.12245
5.12245
5.29569
5.29569
5.13465
5.13465
5.1976
5.1976
5.19955
5.19955
5.20004
5.20004
5.14197
5.14197
5.19711
5.19711
5.18052
5.18052
5.18589
5.18589
5.18833
5.18833
5.18833
5.18833
5.20882
5.20882
5.12733
5.12733
5.33717
5.33717
5.05852
5.05852
5.20834
5.20834
5.17808
5.17808
5.2991
5.2991
5.10293
5.10293
5.17466
5.17466
5.16978
5.16978
5.25177
5.25177
5.09414
5.09414
5.18345
5.18345
5.13611
5.13611
5.41183
5.41183
5.02241
5.02241
5.15026
5.15026
5.21419
5.21419
5.31326
5.31326
5.04144
5.04144
5.18638
5.18638
