6.95255e-310
6.95255e-310
1.97522
1.97522
3.15615
3.15615
1.97519
1.97519
3.15609
3.15609
1.97515
1.97515
3.15603
3.15603
1.97512
1.97512
3.15597
3.15597
1.97508
1.97508
3.15591
3.15591
1.97505
1.97505
3.15584
3.15584
3.15581
3.15581
1.97498
1.97498
3.15575
3.15575
1.97495
1.97495
3.15569
3.15569
1.97491
1.97491
3.15563
3.15563
1.97488
1.97488
3.15557
3.15557
1.97484
1.97484
3.15551
3.15551
3.15548
3.15548
1.97478
1.97478
3.15542
3.15542
1.97474
1.97474
3.15536
3.15536
1.97471
1.97471
3.1553
3.1553
1.97467
1.97467
3.15524
3.15524
1.97464
1.97464
3.15518
3.15518
1.9746
1.9746
3.15512
3.15512
3.15509
3.15509
3.15506
3.15506
1.97451
1.97451
3.155
3.155
1.97448
1.97448
3.15494
3.15494
1.97444
1.97444
3.15488
3.15488
1.97441
1.97441
3.15482
3.15482
1.97437
1.97437
3.15476
3.15476
1.97434
1.97434
3.1547
3.1547
1.9743
1.9743
3.15464
3.15464
1.97427
1.97427
3.15458
3.15458
1.97424
1.97424
3.15452
3.15452
3.15449
3.15449
1.97417
1.97417
3.15443
3.15443
1.97413
1.97413
3.15437
3.15437
1.9741
1.9741
3.15431
3.15431
3.15427
3.15427
1.97403
1.97403
3.15421
3.15421
1.974
1.974
3.15415
3.15415
1.97397
1.97397
3.15409
3.15409
1.97393
1.97393
3.15403
3.15403
1.9739
1.9739
3.15397
3.15397
1.97386
1.97386
3.15391
3.15391
3.15388
3.15388
1.9738
1.9738
3.15382
3.15382
1.97376
1.97376
3.15376
3.15376
1.97373
1.97373
3.1537
3.1537
1.97369
1.97369
3.15364
3.15364
1.97366
1.97366
3.15358
3.15358
3.15355
3.15355
1.97359
1.97359
3.15349
3.15349
1.97356
1.97356
3.15343
3.15343
1.97352
1.97352
3.15337
3.15337
1.97349
1.97349
3.15331
3.15331
1.97345
1.97345
3.15325
3.15325
1.97342
1.97342
3.15319
3.15319
3.15316
3.15316
1.97335
1.97335
3.1531
3.1531
1.97332
1.97332
3.15304
3.15304
1.97328
1.97328
3.15298
3.15298
1.97325
1.97325
3.15292
3.15292
3.15289
3.15289
1.97318
1.97318
3.15283
3.15283
1.97315
1.97315
3.15277
3.15277
1.97312
1.97312
3.15271
3.15271
1.97308
1.97308
3.15265
3.15265
1.97305
1.97305
3.15259
3.15259
1.97301
1.97301
3.15252
3.15252
1.97298
1.97298
3.15246
3.15246
3.15243
3.15243
3.1524
3.1524
1.97288
1.97288
3.15234
3.15234
1.97285
1.97285
3.15228
3.15228
1.97281
1.97281
3.15222
3.15222
1.97278
1.97278
3.15216
3.15216
1.97274
1.97274
3.1521
3.1521
1.97271
1.97271
3.15204
3.15204
1.97268
1.97268
3.15198
3.15198
1.97264
1.97264
3.15192
3.15192
1.97261
1.97261
3.15186
3.15186
3.15183
3.15183
1.97254
1.97254
3.15177
3.15177
1.9725
1.9725
3.15171
3.15171
1.97247
1.97247
3.15165
3.15165
1.97244
1.97244
3.15159
3.15159
1.9724
1.9724
3.15153
3.15153
3.1515
3.1515
1.97233
1.97233
3.15144
3.15144
1.9723
1.9723
3.15138
3.15138
1.97227
1.97227
3.15132
3.15132
1.97223
1.97223
3.15126
3.15126
1.9722
1.9722
3.1512
3.1512
3.15117
3.15117
1.97213
1.97213
3.15111
3.15111
1.9721
1.9721
3.15105
3.15105
1.97206
1.97206
3.15099
3.15099
1.97203
1.97203
3.15093
3.15093
1.97199
1.97199
3.15087
3.15087
1.97196
1.97196
3.15081
3.15081
3.15078
3.15078
1.97189
1.97189
3.15072
3.15072
1.97186
1.97186
3.15066
3.15066
1.97182
1.97182
3.1506
3.1506
1.97179
1.97179
3.15054
3.15054
1.97175
1.97175
3.15048
3.15048
3.15045
3.15045
1.97169
1.97169
3.15039
3.15039
1.97166
1.97166
3.15033
3.15033
1.97162
1.97162
3.15027
3.15027
1.97159
1.97159
3.15021
3.15021
3.15017
3.15017
1.97152
1.97152
3.15012
3.15012
1.97149
1.97149
3.15006
3.15006
1.97145
1.97145
3.14999
3.14999
1.97142
1.97142
3.14993
3.14993
1.97138
1.97138
3.14987
3.14987
1.97135
1.97135
3.14981
3.14981
3.14978
3.14978
1.97128
1.97128
3.1497
3.1497
1.97123
1.97123
3.14967
3.14967
1.97121
1.97121
3.1496
3.1496
3.14957
3.14957
3.14954
3.14954
3.14952
3.14952
1.97112
1.97112
3.14945
3.14945
1.9711
1.9711
3.14938
3.14938
3.14936
3.14936
3.14933
3.14933
3.1493
3.1493
1.97097
1.97097
3.14925
3.14925
1.97093
1.97093
3.14918
3.14918
1.97091
1.97091
3.14912
3.14912
1.9709
1.9709
3.14906
3.14906
3.14903
3.14903
3.14901
3.14901
3.14897
3.14897
3.14894
3.14894
3.14891
3.14891
3.14888
3.14888
3.14885
3.14885
3.14882
3.14882
3.14879
3.14879
3.14876
3.14876
3.14874
3.14874
3.1487
3.1487
3.14867
3.14867
3.14864
3.14864
3.14861
3.14861
3.14858
3.14858
3.14855
3.14855
3.14852
3.14852
3.14849
3.14849
3.14846
3.14846
3.14843
3.14843
3.1484
3.1484
3.14837
3.14837
3.14834
3.14834
3.14831
3.14831
3.14828
3.14828
3.14825
3.14825
3.14822
3.14822
3.14819
3.14819
3.14816
3.14816
3.14813
3.14813
3.1481
3.1481
3.14807
3.14807
3.14804
3.14804
3.14801
3.14801
3.14798
3.14798
3.14795
3.14795
3.14792
3.14792
3.14789
3.14789
3.14786
3.14786
3.14783
3.14783
3.1478
3.1478
3.14777
3.14777
3.14774
3.14774
3.14771
3.14771
3.14768
3.14768
3.14765
3.14765
3.14762
3.14762
3.14759
3.14759
3.14756
3.14756
3.14753
3.14753
3.1475
3.1475
3.14747
3.14747
3.14744
3.14744
3.14741
3.14741
3.14738
3.14738
3.14735
3.14735
3.14732
3.14732
3.14729
3.14729
3.14726
3.14726
3.14723
3.14723
3.1472
3.1472
3.14717
3.14717
3.14714
3.14714
3.14711
3.14711
3.14708
3.14708
3.14705
3.14705
3.14702
3.14702
3.14699
3.14699
3.14696
3.14696
3.14693
3.14693
3.1469
3.1469
3.14687
3.14687
3.14684
3.14684
3.14681
3.14681
3.14678
3.14678
3.14675
3.14675
3.14672
3.14672
3.14669
3.14669
3.14666
3.14666
3.14663
3.14663
3.1466
3.1466
3.14657
3.14657
3.14654
3.14654
3.14651
3.14651
3.14648
3.14648
3.14645
3.14645
3.14642
3.14642
3.14639
3.14639
3.14636
3.14636
3.14633
3.14633
3.1463
3.1463
3.14627
3.14627
3.14624
3.14624
3.14621
3.14621
3.14618
3.14618
3.14615
3.14615
3.14612
3.14612
3.14609
3.14609
3.14606
3.14606
3.14605
3.14605
3.14602
3.14602
3.146
3.146
3.14597
3.14597
3.14594
3.14594
3.14591
3.14591
3.14589
3.14589
3.14586
3.14586
3.14583
3.14583
3.1458
3.1458
3.14577
3.14577
3.14574
3.14574
3.14571
3.14571
3.14568
3.14568
3.14566
3.14566
3.14563
3.14563
3.1456
3.1456
3.14557
3.14557
3.14554
3.14554
3.14551
3.14551
3.14548
3.14548
3.14546
3.14546
3.14543
3.14543
3.1454
3.1454
3.14537
3.14537
3.14534
3.14534
3.14531
3.14531
3.14528
3.14528
3.14525
3.14525
3.14523
3.14523
3.1452
3.1452
3.14517
3.14517
3.14514
3.14514
3.14511
3.14511
3.14508
3.14508
3.14505
3.14505
3.14503
3.14503
3.145
3.145
3.14497
3.14497
3.14494
3.14494
3.14491
3.14491
3.14488
3.14488
3.14485
3.14485
3.14483
3.14483
3.1448
3.1448
3.14477
3.14477
3.14474
3.14474
3.14471
3.14471
3.14468
3.14468
3.14465
3.14465
3.14462
3.14462
3.1446
3.1446
3.14457
3.14457
3.14454
3.14454
3.14451
3.14451
3.14448
3.14448
3.14445
3.14445
3.14442
3.14442
3.1444
3.1444
3.14437
3.14437
3.14434
3.14434
3.14431
3.14431
3.14428
3.14428
3.14425
3.14425
3.14422
3.14422
3.1442
3.1442
3.14417
3.14417
3.14414
3.14414
3.14411
3.14411
3.14408
3.14408
3.14405
3.14405
3.14402
3.14402
3.144
3.144
3.14397
3.14397
3.14394
3.14394
3.14391
3.14391
3.14388
3.14388
3.14385
3.14385
3.14382
3.14382
3.1438
3.1438
3.14377
3.14377
3.14374
3.14374
3.14371
3.14371
3.14368
3.14368
3.14365
3.14365
3.14362
3.14362
3.1436
3.1436
3.14357
3.14357
3.14354
3.14354
3.14351
3.14351
3.14348
3.14348
3.14345
3.14345
3.14342
3.14342
3.1434
3.1434
3.14337
3.14337
3.14334
3.14334
3.14331
3.14331
3.14328
3.14328
3.14328
3.14328
3.13529
3.13529
1.96006
1.96006
3.13523
3.13523
1.96003
1.96003
3.13517
3.13517
3.13517
3.13517
3.13529
3.13529
1.96006
1.96006
3.13523
3.13523
1.96003
1.96003
3.13517
3.13517
1.96
1.96
3.13511
3.13511
3.13508
3.13508
1.95993
1.95993
3.13502
3.13502
1.9599
1.9599
3.13496
3.13496
1.95986
1.95986
3.1349
3.1349
1.95983
1.95983
3.13484
3.13484
1.9598
1.9598
3.13478
3.13478
3.13475
3.13475
1.95973
1.95973
3.1347
3.1347
1.9597
1.9597
3.13464
3.13464
1.95966
1.95966
3.13458
3.13458
1.95963
1.95963
3.13452
3.13452
1.95959
1.95959
3.13446
3.13446
1.95956
1.95956
3.1344
3.1344
3.13437
3.13437
1.95949
1.95949
3.13431
3.13431
1.95946
1.95946
3.13425
3.13425
1.95943
1.95943
3.13419
3.13419
1.95939
1.95939
3.13413
3.13413
1.95936
1.95936
3.13407
3.13407
3.13404
3.13404
1.95929
1.95929
3.13398
3.13398
1.95926
1.95926
3.13392
3.13392
1.95922
1.95922
3.13386
3.13386
1.95919
1.95919
3.1338
3.1338
1.95916
1.95916
3.13374
3.13374
1.95912
1.95912
3.13368
3.13368
3.13365
3.13365
1.95906
1.95906
3.13359
3.13359
1.95902
1.95902
3.13353
3.13353
1.95899
1.95899
3.13347
3.13347
1.95895
1.95895
3.13341
3.13341
1.95892
1.95892
3.13336
3.13336
3.13333
3.13333
1.95885
1.95885
3.13327
3.13327
1.95882
1.95882
3.13321
3.13321
1.95879
1.95879
3.13315
3.13315
1.95875
1.95875
3.13309
3.13309
1.95872
1.95872
3.13303
3.13303
1.95868
1.95868
3.13297
3.13297
3.13294
3.13294
1.95862
1.95862
3.13288
3.13288
1.95858
1.95858
3.13282
3.13282
1.95855
1.95855
3.13276
3.13276
1.95852
1.95852
3.1327
3.1327
1.95848
1.95848
3.13264
3.13264
3.13261
3.13261
1.95842
1.95842
3.13255
3.13255
1.95838
1.95838
3.13249
3.13249
1.95835
1.95835
3.13243
3.13243
1.95832
1.95832
3.13237
3.13237
1.95828
1.95828
3.13231
3.13231
1.95825
1.95825
3.13225
3.13225
3.13222
3.13222
1.95818
1.95818
3.13216
3.13216
1.95815
1.95815
3.1321
3.1321
1.95811
1.95811
3.13205
3.13205
1.95808
1.95808
3.13199
3.13199
1.95805
1.95805
3.13193
3.13193
3.1319
3.1319
1.95798
1.95798
3.13184
3.13184
1.95795
1.95795
3.13178
3.13178
1.95791
1.95791
3.13172
3.13172
1.95788
1.95788
3.13166
3.13166
1.95785
1.95785
3.1316
3.1316
3.13157
3.13157
1.95778
1.95778
3.13151
3.13151
1.95775
1.95775
3.13145
3.13145
1.95771
1.95771
3.13139
3.13139
1.95768
1.95768
3.13133
3.13133
1.95764
1.95764
3.13127
3.13127
3.13124
3.13124
1.95758
1.95758
3.13118
3.13118
1.95755
1.95755
3.13112
3.13112
1.95751
1.95751
3.13106
3.13106
1.95748
1.95748
3.131
3.131
1.95744
1.95744
3.13094
3.13094
1.95741
1.95741
3.13089
3.13089
3.13086
3.13086
1.95734
1.95734
3.1308
3.1308
1.95731
1.95731
3.13074
3.13074
1.95728
1.95728
3.13068
3.13068
1.95724
1.95724
3.13062
3.13062
1.95721
1.95721
3.13056
3.13056
3.13053
3.13053
1.95714
1.95714
3.13047
3.13047
1.95711
1.95711
3.13041
3.13041
1.95708
1.95708
3.13035
3.13035
1.95704
1.95704
3.13029
3.13029
1.95701
1.95701
3.13023
3.13023
1.95697
1.95697
3.13017
3.13017
3.13014
3.13014
3.13011
3.13011
1.95688
1.95688
3.13005
3.13005
1.95685
1.95685
3.12999
3.12999
1.95682
1.95682
3.12993
3.12993
1.95678
1.95678
3.12987
3.12987
1.95675
1.95675
3.12981
3.12981
1.95671
1.95671
3.12976
3.12976
1.95668
1.95668
3.1297
3.1297
1.95664
1.95664
3.12964
3.12964
1.95661
1.95661
3.12958
3.12958
3.12955
3.12955
3.12952
3.12952
1.95651
1.95651
3.12946
3.12946
1.95648
1.95648
3.1294
3.1294
1.95645
1.95645
3.12934
3.12934
1.95641
1.95641
3.12928
3.12928
1.95638
1.95638
3.12922
3.12922
1.95635
1.95635
3.12916
3.12916
1.95631
1.95631
3.1291
3.1291
1.95628
1.95628
3.12904
3.12904
1.95624
1.95624
3.12898
3.12898
1.95621
1.95621
3.12892
3.12892
3.12889
3.12889
3.12887
3.12887
1.95611
1.95611
3.12881
3.12881
1.95608
1.95608
3.12875
3.12875
1.95605
1.95605
3.12869
3.12869
1.95602
1.95602
3.12863
3.12863
1.95598
1.95598
3.12857
3.12857
1.95595
1.95595
3.12851
3.12851
1.95591
1.95591
3.12845
3.12845
1.95588
1.95588
3.12839
3.12839
1.95584
1.95584
3.12833
3.12833
3.1283
3.1283
3.12827
3.12827
1.95575
1.95575
3.12821
3.12821
1.95571
1.95571
3.12815
3.12815
1.95568
1.95568
3.12809
3.12809
1.95565
1.95565
3.12803
3.12803
1.95562
1.95562
3.12797
3.12797
1.95558
1.95558
3.12792
3.12792
1.95555
1.95555
3.12786
3.12786
1.95551
1.95551
3.1278
3.1278
1.95548
1.95548
3.12774
3.12774
3.12771
3.12771
1.95541
1.95541
3.12765
3.12765
1.95538
1.95538
3.12759
3.12759
1.95535
1.95535
3.12753
3.12753
3.1275
3.1275
1.95528
1.95528
3.12744
3.12744
1.95525
1.95525
3.12738
3.12738
1.95522
1.95522
3.12732
3.12732
1.95518
1.95518
3.12726
3.12726
1.95515
1.95515
3.1272
3.1272
3.12717
3.12717
1.95508
1.95508
3.12711
3.12711
1.95505
1.95505
3.12705
3.12705
1.95502
1.95502
3.127
3.127
1.95498
1.95498
3.12694
3.12694
1.95495
1.95495
3.12688
3.12688
1.95491
1.95491
3.12682
3.12682
1.95488
1.95488
3.12676
3.12676
