6.95281e-310
6.95281e-310
6.95281e-310
4.13132
4.13132
4.15962
4.15962
4.16597
4.16597
4.1201
4.1201
4.1201
4.1201
4.14059
4.14059
4.13132
4.13132
4.15962
4.15962
4.16597
4.16597
4.1201
4.1201
4.1201
4.14059
4.14059
4.13132
4.13132
4.15962
4.15962
4.16597
4.16597
4.1201
4.1201
4.12302
4.12302
4.14108
4.14108
4.14352
4.14352
4.1484
4.1484
4.12205
4.12205
4.11912
4.11912
4.12986
4.12986
4.12742
4.12742
4.16206
4.16206
4.16402
4.16402
4.11961
4.11961
4.12254
4.12254
4.13474
4.13474
4.13815
4.13815
4.14596
4.14596
4.1201
4.1201
4.12058
4.12058
4.13522
4.13522
4.13425
4.13425
4.14401
4.14401
4.13034
4.13034
4.12058
4.12058
4.13376
4.13376
4.13083
4.13083
4.12449
4.12449
4.1689
4.1689
4.14938
4.14938
4.1401
4.1401
4.12449
4.12449
4.11278
4.11278
4.14645
4.14645
4.1689
4.1689
4.14694
4.14694
4.15572
4.15572
4.12351
4.12351
4.11375
4.11375
4.15621
4.15621
4.14401
4.14401
4.12839
4.12839
4.14547
4.14547
4.12302
4.12302
4.124
4.124
4.16158
4.16158
4.13815
4.13815
4.14986
4.14986
4.11278
4.11278
4.11522
4.11522
4.14986
4.14986
4.13425
4.13425
4.13913
4.13913
4.14791
4.14791
4.11082
4.11082
4.1523
4.1523
4.15572
4.15572
4.12888
4.12888
4.14791
4.14791
4.14254
4.14254
4.10741
4.10741
4.15865
4.15865
4.13474
4.13474
4.13425
4.13425
4.16158
4.16158
4.11326
4.11326
4.13425
4.13425
4.16597
4.16597
4.12302
4.12302
4.13815
4.13815
4.13766
4.13766
4.11912
4.11912
4.13181
4.13181
4.1362
4.1362
4.13864
4.13864
4.15328
4.15328
4.12644
4.12644
4.11278
4.11278
4.16743
4.16743
4.14694
4.14694
4.15133
4.15133
4.12986
4.12986
4.11814
4.11814
4.15133
4.15133
4.13474
4.13474
4.13522
4.13522
4.14889
4.14889
4.14401
4.14401
4.11278
4.11278
4.15865
4.15865
4.13571
4.13571
4.15377
4.15377
4.15621
4.15621
4.12742
4.12742
4.14108
4.14108
4.11863
4.11863
4.12498
4.12498
4.15621
4.15621
4.14254
4.14254
4.11814
4.11814
4.13864
4.13864
4.12205
4.12205
4.13083
4.13083
4.16987
4.16987
4.14401
4.14401
4.12205
4.12205
4.15523
4.15523
4.11473
4.11473
4.1279
4.1279
4.17329
4.17329
4.12693
4.12693
4.13132
4.13132
4.12351
4.12351
4.12058
4.12058
4.15718
4.15718
4.14547
4.14547
4.11034
4.11034
4.13864
4.13864
4.1201
4.1201
4.13034
4.13034
4.15474
4.15474
4.14938
4.14938
4.13913
4.13913
4.14645
4.14645
4.12449
4.12449
4.16255
4.16255
4.14742
4.14742
4.11961
4.11961
4.13327
4.13327
4.14645
4.14645
4.12888
4.12888
4.16841
4.16841
4.14742
4.14742
4.13278
4.13278
4.1401
4.1401
4.1157
4.1157
4.12156
4.12156
4.1728
4.1728
4.13669
4.13669
4.13766
4.13766
4.11912
4.11912
4.12498
4.12498
4.11961
4.11961
4.15914
4.15914
4.14694
4.14694
4.14986
4.14986
4.14352
4.14352
4.1201
4.1201
4.14206
4.14206
4.14645
4.14645
4.13425
4.13425
4.13864
4.13864
4.11766
4.11766
4.13425
4.13425
4.13571
4.13571
4.14742
4.14742
4.13278
4.13278
4.14498
4.14498
4.11717
4.11717
4.13278
4.13278
4.16597
4.16597
4.13718
4.13718
4.14108
4.14108
4.11961
4.11961
4.11668
4.11668
4.15621
4.15621
4.14694
4.14694
4.13913
4.13913
4.11863
4.11863
4.13083
4.13083
4.12351
4.12351
4.16694
4.16694
4.15962
4.15962
4.15279
4.15279
4.1567
4.1567
4.10302
4.10302
4.14059
4.14059
4.14938
4.14938
4.1323
4.1323
4.16206
4.16206
4.13669
4.13669
4.11766
4.11766
4.13718
4.13718
4.14059
4.14059
4.12839
4.12839
4.15035
4.15035
4.14303
4.14303
4.12595
4.12595
4.16206
4.16206
4.12693
4.12693
4.14596
4.14596
4.15523
4.15523
4.1279
4.1279
4.10887
4.10887
4.13034
4.13034
4.12644
4.12644
4.15816
4.15816
4.1401
4.1401
4.11131
4.11131
4.1445
4.1445
4.13571
4.13571
4.13376
4.13376
4.16206
4.16206
4.15377
4.15377
4.12888
4.12888
4.14108
4.14108
4.11863
4.11863
4.12937
4.12937
4.17768
4.17768
4.12254
4.12254
4.1201
4.1201
4.16792
4.16792
4.22794
4.22794
6.44542
6.44542
7.50291
7.50291
4.9902
4.9902
2.84495
2.84495
4.92432
4.92432
4.06642
4.06642
4.61786
4.61786
3.1397
3.1397
3.07773
3.07773
3.5955
3.5955
4.31383
4.31383
4.00834
4.00834
3.56719
3.56719
3.99663
3.99663
3.86634
3.86634
3.83071
3.83071
3.82046
3.82046
3.54523
3.54523
4.2255
4.2255
4.37288
4.37288
4.17329
4.17329
4.18061
4.18061
3.88146
3.88146
3.90538
3.90538
3.67992
3.67992
3.91514
3.91514
3.83998
3.83998
4.2499
4.2499
4.23966
4.23966
3.98443
3.98443
4.15572
4.15572
3.9815
3.9815
4.04787
4.04787
3.94198
3.94198
3.89025
3.89025
4.10058
4.10058
4.15377
4.15377
4.02445
4.02445
4.29968
4.29968
4.09472
4.09472
3.99126
3.99126
3.76825
3.76825
3.7419
3.7419
3.95808
3.95808
4.26698
4.26698
4.22453
4.22453
4.33677
4.33677
4.12449
4.12449
4.00639
4.00639
4.00932
4.00932
3.71603
3.71603
4.09033
4.09033
3.93612
3.93612
4.246
4.246
4.17817
4.17817
4.18939
4.18939
4.28894
4.28894
3.94686
3.94686
3.94637
3.94637
3.98102
3.98102
4.03274
4.03274
4.13766
4.13766
4.25625
4.25625
4.11619
4.11619
4.3192
4.3192
4.06495
4.06495
3.79802
3.79802
4.16255
4.16255
4.05422
4.05422
4.13132
4.13132
4.11814
4.11814
3.92246
3.92246
4.46267
4.46267
4.0508
4.0508
4.30993
4.30993
4.02835
4.02835
4.2094
4.2094
4.0264
4.0264
4.22697
4.22697
4.16402
4.16402
4.20452
4.20452
4.28846
4.28846
4.10643
4.10643
4.24795
4.24795
4.063
4.063
4.16011
4.16011
4.0508
4.0508
4.1523
4.1523
4.31627
4.31627
4.10546
4.10546
4.32896
4.32896
4.12986
4.12986
4.02396
4.02396
4.21379
4.21379
4.0103
4.0103
4.11082
4.11082
4.124
4.124
4.18744
4.18744
4.21867
4.21867
4.07325
4.07325
4.22648
4.22648
4.12839
4.12839
4.10155
4.10155
4.16499
4.16499
4.1323
4.1323
4.05714
4.05714
4.10448
4.10448
4.15377
4.15377
4.19671
4.19671
4.1645
4.1645
4.16597
4.16597
4.24502
4.24502
4.30993
4.30993
4.23819
4.23819
4.20989
4.20989
4.18207
4.18207
4.18305
4.18305
4.10838
4.10838
4.0874
4.0874
4.08008
4.08008
4.1445
4.1445
4.10497
4.10497
4.22014
4.22014
4.2094
4.2094
4.26454
4.26454
4.18549
4.18549
4.0303
4.0303
4.0996
4.0996
4.22599
4.22599
4.23917
4.23917
4.21038
4.21038
4.21038
4.21038
4.15279
4.15279
4.12254
4.12254
4.12595
4.12595
4.11717
4.11717
4.13278
4.13278
4.19086
4.19086
4.12302
4.12302
4.15962
4.15962
4.27284
4.27284
4.18646
4.18646
4.16158
4.16158
4.12644
4.12644
4.11375
4.11375
4.15328
4.15328
4.11473
4.11473
4.24942
4.24942
4.14547
4.14547
4.20257
4.20257
4.15572
4.15572
4.14938
4.14938
4.18695
4.18695
4.18598
4.18598
4.07618
4.07618
4.15865
4.15865
4.20257
4.20257
4.17573
4.17573
4.11034
4.11034
4.1567
4.1567
4.18402
4.18402
4.19964
4.19964
4.0957
4.0957
4.08691
4.08691
4.17573
4.17573
4.21135
4.21135
4.20403
4.20403
4.16402
4.16402
4.11131
4.11131
4.1323
4.1323
4.17817
4.17817
4.14645
4.14645
4.16597
4.16597
4.15572
4.15572
4.12986
4.12986
4.18402
4.18402
4.2011
4.2011
4.17963
4.17963
4.15962
4.15962
4.08496
4.08496
4.1201
4.1201
4.16402
4.16402
4.0913
4.0913
4.21818
4.21818
4.16841
4.16841
4.18744
4.18744
4.13132
4.13132
4.14059
4.14059
4.13278
4.13278
4.13278
4.13278
4.124
4.124
4.13132
4.13132
4.13132
4.13132
4.13278
4.13278
4.13278
4.13278
4.16255
4.16255
4.124
4.124
4.13132
4.13132
4.13132
4.13132
4.13278
4.13278
4.16158
4.16158
4.14596
4.14596
4.14206
4.14206
4.11766
4.11766
4.11522
4.11522
4.15328
4.15328
4.15621
4.15621
4.13181
4.13181
4.14352
4.14352
4.12888
4.12888
4.10887
4.10887
4.14645
4.14645
4.1484
4.1484
4.14059
4.14059
4.15279
4.15279
4.11668
4.11668
4.10302
4.10302
4.15084
4.15084
4.15279
4.15279
4.12986
4.12986
4.14791
4.14791
4.10448
4.10448
4.1401
4.1401
4.1445
4.1445
4.12254
4.12254
4.15474
4.15474
4.12986
4.12986
4.12058
4.12058
4.13962
4.13962
4.14254
4.14254
4.15718
4.15718
4.15035
4.15035
4.11961
4.11961
4.12351
4.12351
4.14206
4.14206
4.12351
4.12351
4.12498
4.12498
4.13425
4.13425
4.20647
4.20647
4.13913
4.13913
4.14986
4.14986
4.12693
4.12693
4.15865
4.15865
4.12644
4.12644
4.12888
4.12888
4.12107
4.12107
4.1689
4.1689
4.15426
4.15426
4.14254
4.14254
4.13376
4.13376
4.11912
4.11912
4.13327
4.13327
4.15523
4.15523
4.17231
4.17231
4.11668
4.11668
4.14645
4.14645
4.11619
4.11619
4.14108
4.14108
4.14498
4.14498
4.14791
4.14791
4.14742
4.14742
4.11814
4.11814
4.13083
4.13083
4.15474
4.15474
4.15718
4.15718
4.14401
4.14401
4.14206
4.14206
4.11326
4.11326
4.13327
4.13327
4.1567
4.1567
4.13376
4.13376
4.14206
4.14206
4.13669
4.13669
4.10838
4.10838
4.14059
4.14059
4.16304
4.16304
4.13571
4.13571
4.13864
4.13864
4.15279
4.15279
4.1118
4.1118
4.14254
4.14254
4.14157
4.14157
4.12986
4.12986
4.15182
4.15182
4.10692
4.10692
4.13962
4.13962
4.14645
4.14645
4.12351
4.12351
4.14157
4.14157
4.15865
4.15865
4.12937
4.12937
4.11961
4.11961
4.16109
4.16109
4.12205
4.12205
4.14645
4.14645
4.12302
4.12302
4.12156
4.12156
4.1484
4.1484
4.12888
4.12888
4.15377
4.15377
4.14694
4.14694
4.13669
4.13669
4.12107
4.12107
4.13522
4.13522
4.124
4.124
4.15035
4.15035
4.14742
4.14742
4.10643
4.10643
4.13278
4.13278
4.14645
4.14645
4.14791
4.14791
4.13913
4.13913
4.124
4.124
4.14401
4.14401
4.11863
4.11863
4.11473
4.11473
4.13571
4.13571
4.14206
4.14206
4.13766
4.13766
4.13034
4.13034
4.124
4.124
4.12839
4.12839
4.16109
4.16109
4.11863
4.11863
4.12058
4.12058
4.12742
4.12742
4.11814
4.11814
4.14352
4.14352
4.15962
4.15962
4.14206
4.14206
4.14938
4.14938
4.1157
4.1157
4.14303
4.14303
4.15182
4.15182
4.13669
4.13669
4.13815
4.13815
4.16646
4.16646
4.11668
4.11668
4.13132
4.13132
4.14645
4.14645
4.13327
4.13327
4.16646
4.16646
4.11863
4.11863
4.12693
4.12693
4.12254
4.12254
4.14986
4.14986
4.13815
4.13815
4.1362
4.1362
4.11717
4.11717
4.12742
4.12742
4.12986
4.12986
4.12254
4.12254
4.16206
4.16206
4.14157
4.14157
4.12693
4.12693
4.1279
4.1279
4.14254
4.14254
4.14303
4.14303
4.14254
4.14254
4.13034
4.13034
4.14303
4.14303
4.14108
4.14108
4.13815
4.13815
4.17182
4.17182
4.12058
4.12058
4.12644
4.12644
4.13571
4.13571
4.12254
4.12254
4.14742
4.14742
4.12156
4.12156
4.12644
4.12644
4.1645
4.1645
4.13718
4.13718
4.13376
4.13376
4.15474
4.15474
4.11326
4.11326
4.12351
4.12351
4.15279
4.15279
4.14986
4.14986
4.15962
4.15962
4.124
4.124
4.11522
4.11522
4.15328
4.15328
4.13376
4.13376
