6.95281e-310
6.95281e-310
6.95281e-310
3.81839
3.81839
5.48363
5.48363
3.81839
3.81839
5.48359
5.48359
5.48359
5.48359
5.48367
5.48367
3.81839
3.81839
5.48363
5.48363
3.81839
3.81839
5.48359
5.48359
5.48359
5.48367
5.48367
3.81839
3.81839
5.48363
5.48363
3.81839
3.81839
5.48359
5.48359
3.81838
3.81838
5.48355
5.48355
3.81838
3.81838
5.48351
5.48351
3.81838
3.81838
5.48347
5.48347
3.81837
3.81837
5.48343
5.48343
3.81837
3.81837
5.48339
5.48339
3.81837
3.81837
5.48335
5.48335
3.81836
3.81836
5.4833
5.4833
3.81836
3.81836
5.48326
5.48326
3.81836
3.81836
5.48322
5.48322
3.81835
3.81835
5.48318
5.48318
3.81835
3.81835
5.48314
5.48314
3.81835
3.81835
5.4831
5.4831
3.81834
3.81834
5.48306
5.48306
3.81834
3.81834
5.48302
5.48302
3.81834
3.81834
5.48298
5.48298
3.81833
3.81833
5.48294
5.48294
3.81833
3.81833
5.4829
5.4829
3.81833
3.81833
5.48285
5.48285
3.81832
3.81832
5.48281
5.48281
3.81832
3.81832
5.48277
5.48277
3.81832
3.81832
5.48273
5.48273
3.81831
3.81831
5.48269
5.48269
3.81831
3.81831
5.48265
5.48265
3.81831
3.81831
5.48261
5.48261
3.8183
3.8183
5.48257
5.48257
3.8183
3.8183
5.48253
5.48253
3.8183
3.8183
5.48248
5.48248
3.81829
3.81829
5.48244
5.48244
3.81829
3.81829
5.4824
5.4824
3.81829
3.81829
5.48236
5.48236
3.81828
3.81828
5.48232
5.48232
3.81828
3.81828
5.48228
5.48228
3.81828
3.81828
5.48224
5.48224
3.81827
3.81827
5.4822
5.4822
3.81827
3.81827
5.48216
5.48216
3.81827
3.81827
5.48212
5.48212
3.81826
3.81826
5.48207
5.48207
3.81826
3.81826
5.48203
5.48203
3.81826
3.81826
5.48199
5.48199
3.81825
3.81825
5.48195
5.48195
3.81825
3.81825
5.48191
5.48191
3.81825
3.81825
5.48187
5.48187
3.81824
3.81824
5.48183
5.48183
3.81824
3.81824
5.48179
5.48179
3.81824
3.81824
5.48175
5.48175
3.81823
3.81823
5.4817
5.4817
3.81823
3.81823
5.48166
5.48166
3.81823
3.81823
5.48162
5.48162
3.81822
3.81822
5.48158
5.48158
3.81822
3.81822
5.48154
5.48154
3.81822
3.81822
5.4815
5.4815
3.81821
3.81821
5.48146
5.48146
3.81821
3.81821
5.48142
5.48142
3.81821
3.81821
5.48138
5.48138
3.8182
3.8182
5.48134
5.48134
3.8182
3.8182
5.48129
5.48129
3.8182
3.8182
5.48125
5.48125
3.81819
3.81819
5.48121
5.48121
3.81819
3.81819
5.48117
5.48117
3.81819
3.81819
5.48113
5.48113
3.81818
3.81818
5.48109
5.48109
3.81818
3.81818
5.48105
5.48105
3.81818
3.81818
5.48101
5.48101
3.81817
3.81817
5.48097
5.48097
3.81817
3.81817
5.48092
5.48092
3.81817
3.81817
5.48088
5.48088
3.81816
3.81816
5.48084
5.48084
3.81816
3.81816
5.4808
5.4808
3.81816
3.81816
5.48076
5.48076
3.81815
3.81815
5.48072
5.48072
3.81815
3.81815
5.48068
5.48068
3.81815
3.81815
5.48064
5.48064
3.81814
3.81814
5.4806
5.4806
3.81814
3.81814
5.48055
5.48055
3.81814
3.81814
5.48051
5.48051
3.81813
3.81813
5.48047
5.48047
3.81813
3.81813
5.48043
5.48043
3.81813
3.81813
5.48039
5.48039
3.81812
3.81812
5.48035
5.48035
3.81812
3.81812
5.48031
5.48031
3.81812
3.81812
5.48027
5.48027
3.81811
3.81811
5.48023
5.48023
3.81811
3.81811
5.48018
5.48018
3.81811
3.81811
5.48014
5.48014
3.8181
3.8181
5.4801
5.4801
3.8181
3.8181
5.48006
5.48006
3.8181
3.8181
5.48002
5.48002
3.81809
3.81809
5.47998
5.47998
3.81809
3.81809
5.47994
5.47994
3.81809
3.81809
5.4799
5.4799
3.81808
3.81808
5.47986
5.47986
3.81808
3.81808
5.47981
5.47981
3.81808
3.81808
5.47977
5.47977
3.81807
3.81807
5.47973
5.47973
3.81807
3.81807
5.47969
5.47969
3.81807
3.81807
5.47965
5.47965
3.81806
3.81806
5.47961
5.47961
3.81806
3.81806
5.47957
5.47957
3.81806
3.81806
5.47953
5.47953
3.81805
3.81805
5.47949
5.47949
3.81805
3.81805
5.47945
5.47945
3.81805
3.81805
5.4794
5.4794
3.81804
3.81804
5.47936
5.47936
3.81804
3.81804
5.47932
5.47932
3.81804
3.81804
5.47928
5.47928
3.81803
3.81803
5.47921
5.47921
3.81803
3.81803
5.47916
5.47916
3.81802
3.81802
5.4791
5.4791
3.81802
3.81802
5.47905
5.47905
3.81801
3.81801
5.47901
5.47901
3.81801
3.81801
5.47896
5.47896
3.81801
3.81801
5.47892
5.47892
3.818
3.818
6.335
6.335
3.81799
3.81799
6.33497
6.33497
6.33495
6.33495
6.33492
6.33492
6.3349
6.3349
3.81791
3.81791
5.49783
5.49783
3.8179
3.8179
4.89863
4.89863
3.8179
3.8179
4.89861
4.89861
3.8179
3.8179
4.89858
4.89858
3.81789
3.81789
4.89855
4.89855
3.81789
3.81789
4.89852
4.89852
3.81788
3.81788
4.8985
4.8985
3.81788
3.81788
4.89847
4.89847
3.81788
3.81788
4.89845
4.89845
3.81787
3.81787
5.1986
5.1986
3.81787
3.81787
5.19858
5.19858
3.81787
3.81787
5.19855
5.19855
3.81787
3.81787
5.19851
5.19851
3.81786
3.81786
5.19848
5.19848
3.81784
3.81784
5.19845
5.19845
3.81784
3.81784
5.19842
5.19842
3.81784
3.81784
5.19839
5.19839
3.81783
3.81783
5.47866
5.47866
3.81783
3.81783
5.47862
5.47862
3.81783
3.81783
5.47858
5.47858
3.81782
3.81782
5.47854
5.47854
3.81782
3.81782
5.47849
5.47849
3.81782
3.81782
5.1982
5.1982
3.81781
3.81781
5.19817
5.19817
3.81781
3.81781
5.19813
5.19813
3.81781
3.81781
5.1981
5.1981
3.8178
3.8178
5.19807
5.19807
3.8178
3.8178
5.19804
5.19804
3.8178
3.8178
5.19801
5.19801
3.81779
3.81779
5.47823
5.47823
3.81779
3.81779
5.47818
5.47818
3.81779
3.81779
5.47814
5.47814
3.81778
3.81778
5.4781
5.4781
3.81778
3.81778
5.19786
5.19786
3.81777
3.81777
5.19783
5.19783
3.81777
3.81777
5.1978
5.1978
3.81777
3.81777
5.19777
5.19777
3.81777
3.81777
5.19774
5.19774
3.81776
3.81776
5.19771
5.19771
3.81776
3.81776
5.19768
5.19768
3.81775
3.81775
5.19765
5.19765
3.81775
3.81775
5.19762
5.19762
3.81775
3.81775
5.19759
5.19759
3.81775
3.81775
5.19756
5.19756
3.81774
3.81774
5.19752
5.19752
3.81774
3.81774
5.19749
5.19749
3.81773
3.81773
5.19746
5.19746
3.81773
3.81773
5.19743
5.19743
3.81773
3.81773
5.1974
5.1974
3.81772
3.81772
5.19736
5.19736
3.81772
3.81772
5.19733
5.19733
3.81772
3.81772
5.1973
5.1973
3.81771
3.81771
5.19727
5.19727
3.81771
3.81771
5.19724
5.19724
3.81771
3.81771
5.19721
5.19721
3.8177
3.8177
5.19718
5.19718
3.8177
3.8177
5.19715
5.19715
3.8177
3.8177
5.19711
5.19711
3.81769
3.81769
5.19708
5.19708
3.81769
3.81769
5.19705
5.19705
3.81769
3.81769
5.19702
5.19702
3.81768
3.81768
5.19699
5.19699
3.81768
3.81768
5.19696
5.19696
3.81768
3.81768
5.19693
5.19693
3.81767
3.81767
5.19689
5.19689
3.81767
3.81767
5.19686
5.19686
3.81767
3.81767
5.19683
5.19683
3.81766
3.81766
5.1968
5.1968
3.81766
3.81766
5.19677
5.19677
3.81766
3.81766
5.19674
5.19674
3.81765
3.81765
5.19671
5.19671
3.81765
3.81765
5.19668
5.19668
3.81765
3.81765
5.19664
5.19664
3.81764
3.81764
5.19661
5.19661
3.81764
3.81764
5.19658
5.19658
3.81764
3.81764
5.19655
5.19655
3.81763
3.81763
5.19652
5.19652
3.81763
3.81763
5.19649
5.19649
3.81763
3.81763
5.19646
5.19646
3.81762
3.81762
5.19643
5.19643
3.81762
3.81762
5.19639
5.19639
3.81762
3.81762
5.19636
5.19636
3.81761
3.81761
5.19633
5.19633
3.81761
3.81761
5.1963
5.1963
5.1963
5.1963
3.81715
3.81715
5.19203
5.19203
3.81715
3.81715
5.192
5.192
5.192
5.192
5.19206
5.19206
3.81715
3.81715
5.19203
5.19203
3.81715
3.81715
5.192
5.192
3.81714
3.81714
5.19197
5.19197
3.81714
3.81714
5.19194
5.19194
3.81714
3.81714
5.19191
5.19191
3.81713
3.81713
5.19188
5.19188
3.81713
3.81713
5.19185
5.19185
3.81713
3.81713
5.19182
5.19182
3.81712
3.81712
5.19179
5.19179
3.81712
3.81712
5.19175
5.19175
3.81712
3.81712
5.19172
5.19172
3.81711
3.81711
5.19169
5.19169
3.81711
3.81711
5.19166
5.19166
3.81711
3.81711
5.19163
5.19163
3.8171
3.8171
5.1916
5.1916
3.8171
3.8171
5.19157
5.19157
3.8171
3.8171
5.19154
5.19154
3.81709
3.81709
5.19151
5.19151
3.81709
3.81709
5.19148
5.19148
3.81709
3.81709
5.19145
5.19145
3.81708
3.81708
5.19141
5.19141
3.81708
3.81708
5.19138
5.19138
3.81708
3.81708
5.19135
5.19135
3.81707
3.81707
5.19132
5.19132
3.81707
3.81707
5.19129
5.19129
3.81707
3.81707
5.19126
5.19126
3.81706
3.81706
5.19123
5.19123
3.81706
3.81706
5.1912
5.1912
3.81706
3.81706
5.19117
5.19117
3.81705
3.81705
5.19113
5.19113
3.81705
3.81705
5.1911
5.1911
3.81705
3.81705
5.19107
5.19107
3.81704
3.81704
5.19104
5.19104
3.81704
3.81704
5.19101
5.19101
3.81704
3.81704
5.19098
5.19098
3.81703
3.81703
5.19095
5.19095
3.81703
3.81703
5.19092
5.19092
3.81703
3.81703
5.19089
5.19089
3.81702
3.81702
5.19086
5.19086
3.81702
3.81702
5.19083
5.19083
3.81702
3.81702
5.19079
5.19079
3.81701
3.81701
5.19076
5.19076
3.81701
3.81701
5.19073
5.19073
3.81701
3.81701
5.1907
5.1907
3.817
3.817
5.19067
5.19067
3.817
3.817
5.19064
5.19064
3.817
3.817
5.19061
5.19061
3.81699
3.81699
5.19058
5.19058
3.81699
3.81699
5.19055
5.19055
3.81699
3.81699
5.19052
5.19052
3.81698
3.81698
5.19048
5.19048
3.81698
3.81698
5.19045
5.19045
3.81698
3.81698
5.19042
5.19042
3.81697
3.81697
5.19039
5.19039
3.81697
3.81697
5.19036
5.19036
3.81697
3.81697
5.19033
5.19033
3.81696
3.81696
5.1903
5.1903
3.81696
3.81696
5.19027
5.19027
3.81696
3.81696
5.19024
5.19024
3.81695
3.81695
5.19021
5.19021
3.81695
3.81695
5.19018
5.19018
3.81695
3.81695
5.19014
5.19014
3.81694
3.81694
5.19011
5.19011
3.81694
3.81694
5.19008
5.19008
3.81694
3.81694
5.19005
5.19005
3.81693
3.81693
5.19002
5.19002
3.81693
3.81693
5.18999
5.18999
3.81693
3.81693
5.18996
5.18996
3.81692
3.81692
5.18993
5.18993
3.81692
3.81692
5.1899
5.1899
3.81692
3.81692
5.18986
5.18986
3.81691
3.81691
5.18983
5.18983
3.81691
3.81691
5.1898
5.1898
3.81691
3.81691
5.18977
5.18977
3.8169
3.8169
5.18974
5.18974
3.8169
3.8169
5.18971
5.18971
3.8169
3.8169
5.18968
5.18968
3.81689
3.81689
5.18965
5.18965
3.81689
3.81689
5.18962
5.18962
3.81689
3.81689
5.18959
5.18959
3.81688
3.81688
5.18956
5.18956
3.81688
3.81688
5.18952
5.18952
3.81688
3.81688
5.18949
5.18949
3.81687
3.81687
5.18946
5.18946
3.81687
3.81687
5.18943
5.18943
3.81687
3.81687
5.1894
5.1894
3.81686
3.81686
5.18937
5.18937
3.81686
3.81686
5.18934
5.18934
3.81686
3.81686
5.18931
5.18931
3.81685
3.81685
5.18928
5.18928
3.81685
3.81685
5.18925
5.18925
3.81685
3.81685
5.18921
5.18921
3.81684
3.81684
5.18918
5.18918
3.81684
3.81684
5.18915
5.18915
