6.95305e-310
6.95305e-310
4.90138
4.90138
4.90138
4.90138
4.90724
4.90724
4.91212
4.91212
4.90334
4.90334
4.90138
4.90138
4.90138
4.90138
4.90138
4.90138
4.90724
4.90724
4.91212
4.91212
4.90334
4.90334
4.90138
4.90138
4.90138
4.90138
4.89992
4.89992
4.90529
4.90529
4.9009
4.9009
4.90334
4.90334
4.8965
4.8965
4.90138
4.90138
4.89992
4.89992
4.8965
4.8965
4.89943
4.89943
4.90382
4.90382
4.89894
4.89894
4.90382
4.90382
4.89846
4.89846
4.91066
4.91066
4.90187
4.90187
4.90724
4.90724
4.91017
4.91017
4.90529
4.90529
4.89846
4.89846
4.90675
4.90675
4.90187
4.90187
4.89846
4.89846
4.91261
4.91261
4.89358
4.89358
4.90822
4.90822
4.89992
4.89992
4.91114
4.91114
4.89894
4.89894
4.89504
4.89504
4.90578
4.90578
4.90187
4.90187
4.89797
4.89797
4.90334
4.90334
4.89358
4.89358
4.89455
4.89455
4.917
4.917
4.89797
4.89797
4.9087
4.9087
4.91261
4.91261
4.90382
4.90382
4.90382
4.90382
4.90578
4.90578
4.91066
4.91066
4.90285
4.90285
4.89894
4.89894
4.89602
4.89602
4.90822
4.90822
4.89797
4.89797
4.89699
4.89699
4.90626
4.90626
4.90236
4.90236
4.90138
4.90138
4.90968
4.90968
4.89504
4.89504
4.87601
4.87601
4.94091
4.94091
4.92774
4.92774
4.87406
4.87406
4.89943
4.89943
4.92042
4.92042
4.91066
4.91066
4.88674
4.88674
4.90334
4.90334
4.92188
4.92188
4.89992
4.89992
4.88821
4.88821
4.90187
4.90187
4.90724
4.90724
4.89846
4.89846
4.90285
4.90285
4.9009
4.9009
4.89699
4.89699
4.90187
4.90187
4.89602
4.89602
4.90041
4.90041
4.90187
4.90187
4.90431
4.90431
4.90041
4.90041
4.89016
4.89016
4.90626
4.90626
4.90529
4.90529
4.89602
4.89602
4.90236
4.90236
4.9048
4.9048
4.90675
4.90675
4.90334
4.90334
4.89894
4.89894
4.89114
4.89114
4.89992
4.89992
4.90382
4.90382
4.89894
4.89894
4.90187
4.90187
4.90968
4.90968
4.90968
4.90968
4.90431
4.90431
4.90285
4.90285
4.91114
4.91114
4.89065
4.89065
4.89602
4.89602
4.90334
4.90334
4.90626
4.90626
4.90041
4.90041
4.90285
4.90285
4.89602
4.89602
4.8965
4.8965
4.89992
4.89992
4.9131
4.9131
4.89992
4.89992
4.8965
4.8965
4.90822
4.90822
4.88821
4.88821
4.89309
4.89309
4.90236
4.90236
4.90285
4.90285
4.89455
4.89455
4.89553
4.89553
4.89699
4.89699
4.917
4.917
4.90773
4.90773
4.89699
4.89699
4.90138
4.90138
4.89992
4.89992
4.89992
4.89992
4.89455
4.89455
4.9087
4.9087
4.90431
4.90431
4.89797
4.89797
4.89504
4.89504
4.90773
4.90773
4.90431
4.90431
4.89602
4.89602
4.90675
4.90675
4.90236
4.90236
4.90578
4.90578
4.90724
4.90724
4.90382
4.90382
4.90138
4.90138
4.9131
4.9131
4.90285
4.90285
4.89992
4.89992
4.89943
4.89943
4.9009
4.9009
4.9048
4.9048
4.90626
4.90626
4.93945
4.93945
4.86771
4.86771
4.88382
4.88382
4.88918
4.88918
4.91651
4.91651
4.8965
4.8965
4.91163
4.91163
4.91944
4.91944
4.9009
4.9009
4.86966
4.86966
4.91944
4.91944
4.91114
4.91114
4.89943
4.89943
4.88674
4.88674
4.89992
4.89992
4.91358
4.91358
4.89748
4.89748
4.90382
4.90382
4.90675
4.90675
4.90187
4.90187
4.90041
4.90041
4.88528
4.88528
4.91017
4.91017
4.91456
4.91456
4.8965
4.8965
4.89455
4.89455
4.90187
4.90187
4.89162
4.89162
4.90041
4.90041
4.89455
4.89455
4.90382
4.90382
4.9048
4.9048
4.89943
4.89943
4.90334
4.90334
4.90724
4.90724
4.90138
4.90138
4.89846
4.89846
4.89846
4.89846
4.91163
4.91163
4.90919
4.90919
4.89309
4.89309
4.91554
4.91554
4.91505
4.91505
4.90041
4.90041
4.90236
4.90236
4.89992
4.89992
4.90431
4.90431
4.89943
4.89943
4.89211
4.89211
4.89992
4.89992
4.91798
4.91798
4.91505
4.91505
4.90041
4.90041
4.89406
4.89406
4.90334
4.90334
4.90529
4.90529
4.89065
4.89065
4.90626
4.90626
4.91749
4.91749
4.90529
4.90529
4.89992
4.89992
4.89455
4.89455
4.90968
4.90968
4.90285
4.90285
4.88479
4.88479
4.89797
4.89797
7.89087
7.89087
8.22954
8.22954
5.10781
5.10781
3.57939
3.57939
5.3967
5.3967
5.74367
5.74367
4.3231
4.3231
5.07072
5.07072
4.20989
4.20989
4.17182
4.17182
3.61746
3.61746
3.30123
3.30123
4.02982
4.02982
4.14059
4.14059
4.13669
4.13669
4.51245
4.51245
4.3436
4.3436
4.96141
4.96141
5.59093
5.59093
4.35141
4.35141
5.43672
5.43672
5.60459
5.60459
6.23411
6.23411
4.91407
4.91407
4.96141
4.96141
4.72326
4.72326
5.2303
5.2303
4.19866
4.19866
4.59541
4.59541
4.77938
4.77938
3.87317
3.87317
4.54026
4.54026
4.65787
4.65787
4.87845
4.87845
4.6325
4.6325
5.13172
5.13172
5.14929
5.14929
4.55588
4.55588
4.80232
4.80232
4.83453
4.83453
5.48552
5.48552
5.44014
5.44014
5.48113
5.48113
4.81842
4.81842
5.01558
5.01558
4.94921
4.94921
4.51635
4.51635
4.91798
4.91798
4.81013
4.81013
4.74474
4.74474
4.59687
4.59687
4.23917
4.23917
4.77597
4.77597
4.7623
4.7623
4.67446
4.67446
4.80086
4.80086
4.99508
4.99508
4.70423
4.70423
4.9536
4.9536
4.81257
4.81257
5.24396
5.24396
5.23615
5.23615
5.35522
5.35522
5.28251
5.28251
4.97019
4.97019
5.10683
5.10683
4.70326
4.70326
4.81306
4.81306
4.89894
4.89894
5.10244
5.10244
4.97166
4.97166
4.76865
4.76865
4.52855
4.52855
4.30212
4.30212
4.76084
4.76084
4.81354
4.81354
4.8599
4.8599
5.02143
5.02143
4.86722
4.86722
5.07023
5.07023
4.95994
4.95994
4.96531
4.96531
4.97556
4.97556
4.97556
4.97556
5.1732
5.1732
5.17515
5.17515
5.1327
5.1327
5.12245
5.12245
4.89699
4.89699
4.83306
4.83306
4.8926
4.8926
4.79061
4.79061
5.0512
5.0512
4.83209
4.83209
4.87894
4.87894
4.83453
4.83453
4.82184
4.82184
4.77304
4.77304
4.80769
4.80769
4.8804
4.8804
4.68862
4.68862
4.74669
4.74669
4.96092
4.96092
4.91212
4.91212
5.00386
5.00386
4.87357
4.87357
5.03558
5.03558
4.86234
4.86234
4.93359
4.93359
4.80818
4.80818
4.9863
4.9863
4.96336
4.96336
5.16442
5.16442
5.0146
5.0146
5.06194
5.06194
4.89406
4.89406
4.77304
4.77304
4.88479
4.88479
4.7501
4.7501
5.02338
5.02338
4.89309
4.89309
5.01362
5.01362
4.82038
4.82038
4.87259
4.87259
4.8477
4.8477
4.87162
4.87162
4.83648
4.83648
4.84331
4.84331
4.7789
4.7789
4.9292
4.9292
4.88186
4.88186
4.9087
4.9087
4.88479
4.88479
4.81598
4.81598
4.93408
4.93408
4.85698
4.85698
4.93847
4.93847
4.82965
4.82965
4.82965
4.82965
4.96922
4.96922
4.90675
4.90675
4.89748
4.89748
4.94238
4.94238
4.8765
4.8765
5.01899
5.01899
4.9009
4.9009
4.93701
4.93701
4.89602
4.89602
4.8721
4.8721
5.00142
5.00142
4.95311
4.95311
4.86186
4.86186
4.89992
4.89992
4.87162
4.87162
4.95018
4.95018
4.89992
4.89992
4.86674
4.86674
4.95067
4.95067
4.89797
4.89797
4.98874
4.98874
4.85698
4.85698
4.86039
4.86039
4.9087
4.9087
4.856
4.856
4.85649
4.85649
4.88333
4.88333
4.82867
4.82867
4.9741
4.9741
4.87113
4.87113
4.84624
4.84624
4.8965
4.8965
4.84234
4.84234
4.95653
4.95653
4.8438
4.8438
4.89553
4.89553
4.90041
4.90041
4.88821
4.88821
4.88821
4.88821
4.87308
4.87308
4.84722
4.84722
4.92188
4.92188
4.85698
4.85698
4.95409
4.95409
4.91846
4.91846
4.84917
4.84917
4.90968
4.90968
4.91163
4.91163
4.9697
4.9697
4.88577
4.88577
4.87552
4.87552
4.98337
4.98337
4.89797
4.89797
4.90138
4.90138
4.89699
4.89699
4.85942
4.85942
4.97068
4.97068
4.90822
4.90822
4.87162
4.87162
4.87162
4.87162
4.88528
4.88528
4.94238
4.94238
4.83453
4.83453
4.92725
4.92725
4.92725
4.92725
4.90431
4.90431
4.88528
4.88528
4.94238
4.94238
4.83453
4.83453
4.92725
4.92725
4.96434
4.96434
4.83843
4.83843
4.92237
4.92237
4.92871
4.92871
4.83843
4.83843
4.9414
4.9414
4.87942
4.87942
4.92383
4.92383
4.94677
4.94677
4.83648
4.83648
4.89504
4.89504
4.90236
4.90236
4.8765
4.8765
4.94482
4.94482
4.88772
4.88772
4.90626
4.90626
4.856
4.856
4.86137
4.86137
4.95214
4.95214
4.90187
4.90187
4.89016
4.89016
4.9619
4.9619
4.8599
4.8599
4.90382
4.90382
4.88333
4.88333
4.86283
4.86283
4.9575
4.9575
4.9048
4.9048
4.84282
4.84282
4.94628
4.94628
4.86283
4.86283
4.93359
4.93359
4.917
4.917
4.84038
4.84038
4.95946
4.95946
4.87991
4.87991
4.87357
4.87357
4.89797
4.89797
4.87698
4.87698
4.75401
4.75401
4.95458
4.95458
4.86137
4.86137
4.94726
4.94726
4.85649
4.85649
4.90236
4.90236
4.88138
4.88138
4.8599
4.8599
4.89699
4.89699
4.90919
4.90919
4.85698
4.85698
4.95262
4.95262
4.90822
4.90822
4.84624
4.84624
4.9331
4.9331
4.86137
4.86137
4.93457
4.93457
4.92188
4.92188
4.82965
4.82965
4.94628
4.94628
4.89894
4.89894
4.91017
4.91017
4.94384
4.94384
4.90773
4.90773
4.8804
4.8804
4.93798
4.93798
4.8233
4.8233
4.93018
4.93018
4.93115
4.93115
4.83209
4.83209
4.96629
4.96629
4.85942
4.85942
4.85893
4.85893
4.96141
4.96141
4.81208
4.81208
4.95604
4.95604
4.9658
4.9658
4.8643
4.8643
4.94774
4.94774
4.91456
4.91456
4.85405
4.85405
4.9253
4.9253
4.85551
4.85551
4.9331
4.9331
4.9697
4.9697
4.84917
4.84917
4.85307
4.85307
4.92286
4.92286
4.83306
4.83306
4.89309
4.89309
4.91456
4.91456
4.85795
4.85795
4.97507
4.97507
4.84819
4.84819
4.93066
4.93066
4.86234
4.86234
4.90382
4.90382
4.98581
4.98581
4.89016
4.89016
4.88723
4.88723
4.90334
4.90334
4.86088
4.86088
4.9536
4.9536
4.87845
4.87845
4.92725
4.92725
4.88089
4.88089
4.9048
4.9048
4.95604
4.95604
4.86039
4.86039
4.89358
4.89358
4.90431
4.90431
4.86381
4.86381
4.88918
4.88918
4.8887
4.8887
4.86527
4.86527
4.96336
4.96336
4.89211
4.89211
4.87698
4.87698
4.94726
4.94726
4.86332
4.86332
4.94091
4.94091
4.90334
4.90334
4.88333
4.88333
4.92774
4.92774
4.85307
4.85307
4.856
4.856
4.92969
4.92969
4.84087
4.84087
4.90529
4.90529
4.9253
4.9253
4.8765
4.8765
4.95311
4.95311
4.86771
4.86771
4.8599
4.8599
4.94726
4.94726
4.85649
4.85649
4.87698
4.87698
4.93652
4.93652
4.87406
4.87406
4.93701
4.93701
4.87601
4.87601
4.85698
4.85698
4.96385
4.96385
4.84331
4.84331
4.90578
4.90578
5.00777
5.00777
4.8887
4.8887
4.978
4.978
4.86478
4.86478
4.84478
4.84478
4.95262
4.95262
4.89406
4.89406
4.92237
4.92237
4.9375
4.9375
4.87357
4.87357
4.94189
4.94189
4.84917
4.84917
4.93994
4.93994
4.88674
4.88674
4.87845
4.87845
4.94482
4.94482
4.87064
4.87064
4.91602
4.91602
4.93945
4.93945
4.8721
4.8721
4.92676
4.92676
4.88333
4.88333
4.85112
4.85112
4.94384
4.94384
4.87357
4.87357
4.93408
4.93408
4.93798
4.93798
4.82818
4.82818
4.94433
4.94433
4.92871
4.92871
4.85356
4.85356
4.93506
4.93506
4.86918
4.86918
4.91261
4.91261
4.94579
4.94579
4.89114
4.89114
4.95799
4.95799
4.85893
4.85893
4.88528
4.88528
4.96531
4.96531
4.86381
4.86381
4.87357
4.87357
4.93066
4.93066
4.87357
4.87357
4.95165
4.95165
4.86966
4.86966
4.90919
4.90919
4.90773
4.90773
4.86478
4.86478
4.96531
4.96531
4.90382
4.90382
4.8155
4.8155
4.94042
4.94042
4.90724
4.90724
4.91993
4.91993
4.94433
4.94433
4.83062
4.83062
4.93603
4.93603
4.92188
4.92188
4.9131
4.9131
4.93554
4.93554
4.84819
4.84819
4.91212
4.91212
4.93115
4.93115
4.90724
4.90724
4.97068
4.97068
4.8843
4.8843
4.87503
4.87503
4.93115
4.93115
4.8643
4.8643
4.9658
4.9658
4.90334
4.90334
4.88674
4.88674
4.93554
4.93554
4.89553
4.89553
4.8804
4.8804
4.89016
4.89016
4.86039
4.86039
4.96434
4.96434
4.88577
4.88577
4.9209
4.9209
4.92286
4.92286
4.86283
4.86283
4.96043
4.96043
4.92334
4.92334
4.77792
4.77792
4.92334
4.92334
4.84087
4.84087
4.90773
4.90773
4.91358
4.91358
4.8233
4.8233
4.9253
4.9253
4.87942
4.87942
4.91602
4.91602
4.90382
4.90382
4.90187
4.90187
4.9414
4.9414
4.85698
4.85698
4.92627
4.92627
4.89358
4.89358
4.88626
4.88626
4.94238
4.94238
4.89162
4.89162
4.92237
4.92237
4.8926
4.8926
4.8721
4.8721
4.95702
4.95702
4.89943
4.89943
4.91407
4.91407
4.91261
4.91261
4.87503
4.87503
4.88479
4.88479
4.93359
4.93359
4.87454
4.87454
4.94921
4.94921
4.88967
4.88967
4.8682
4.8682
4.9658
4.9658
4.86478
4.86478
4.91749
4.91749
4.95897
4.95897
4.85649
4.85649
4.95262
4.95262
4.91163
4.91163
4.85014
4.85014
4.95165
4.95165
4.87894
4.87894
4.89455
4.89455
4.93213
4.93213
4.81989
4.81989
4.96092
4.96092
4.90626
4.90626
4.88333
4.88333
4.94286
4.94286
4.8682
4.8682
4.85014
4.85014
4.96238
4.96238
4.88382
4.88382
4.8965
4.8965
4.917
4.917
4.82867
4.82867
4.95848
4.95848
4.90724
4.90724
4.8721
4.8721
4.92334
4.92334
4.91212
4.91212
4.88186
4.88186
4.94384
4.94384
4.83697
4.83697
4.94042
4.94042
4.91114
4.91114
4.8399
4.8399
4.94921
4.94921
4.90138
4.90138
4.87698
4.87698
4.94384
4.94384
4.81452
4.81452
4.97214
4.97214
4.92237
4.92237
4.81403
4.81403
4.94384
4.94384
4.89309
4.89309
4.81745
4.81745
4.9741
4.9741
4.91798
4.91798
4.85698
4.85698
4.94091
4.94091
4.81306
4.81306
4.94433
4.94433
4.93262
4.93262
4.86283
