6.95305e-310
6.95305e-310
5.22688
5.22688
5.22688
5.22688
5.22692
5.22692
3.86068
3.86068
5.2269
5.2269
3.86067
3.86067
5.22688
5.22688
5.22688
5.22688
5.22692
5.22692
3.86068
3.86068
5.2269
5.2269
3.86067
3.86067
5.22688
5.22688
3.86067
3.86067
5.22686
5.22686
3.86067
3.86067
5.22683
5.22683
3.86067
3.86067
5.22681
5.22681
3.86067
3.86067
5.22679
5.22679
3.86066
3.86066
5.22677
5.22677
3.86066
3.86066
5.22675
5.22675
3.86066
3.86066
5.22672
5.22672
3.86066
3.86066
5.2267
5.2267
3.86065
3.86065
5.22668
5.22668
3.86065
3.86065
5.22666
5.22666
3.86065
3.86065
5.22664
5.22664
3.86065
3.86065
5.22662
5.22662
3.86065
3.86065
5.22659
5.22659
3.86064
3.86064
5.22657
5.22657
3.86064
3.86064
5.22655
5.22655
3.86064
3.86064
5.22653
5.22653
3.86064
3.86064
5.22651
5.22651
3.86064
3.86064
5.22648
5.22648
3.86063
3.86063
5.22646
5.22646
3.86063
3.86063
5.22644
5.22644
3.86063
3.86063
5.22642
5.22642
3.86063
3.86063
5.2264
5.2264
3.86062
3.86062
5.22638
5.22638
3.86062
3.86062
5.22635
5.22635
3.86062
3.86062
5.22633
5.22633
3.86062
3.86062
5.22631
5.22631
3.86062
3.86062
5.22629
5.22629
3.86061
3.86061
5.22626
5.22626
3.86061
3.86061
5.22624
5.22624
3.86061
3.86061
5.22622
5.22622
3.86061
3.86061
5.2262
5.2262
3.86061
3.86061
5.22618
5.22618
3.8606
3.8606
5.22615
5.22615
3.8606
3.8606
5.22613
5.22613
3.8606
3.8606
5.22611
5.22611
3.8606
3.8606
5.22609
5.22609
3.86059
3.86059
5.22607
5.22607
3.86059
3.86059
5.22604
5.22604
3.86059
3.86059
5.22602
5.22602
3.86059
3.86059
5.226
5.226
3.86059
3.86059
5.22598
5.22598
3.86058
3.86058
5.22596
5.22596
3.86058
3.86058
5.22594
5.22594
3.86058
3.86058
5.22591
5.22591
3.86058
3.86058
5.22589
5.22589
3.86058
3.86058
5.22587
5.22587
3.86057
3.86057
5.22585
5.22585
3.86057
3.86057
5.22583
5.22583
3.86057
3.86057
5.2258
5.2258
3.86057
3.86057
5.22578
5.22578
3.86057
3.86057
5.22576
5.22576
3.86056
3.86056
5.22574
5.22574
3.86056
3.86056
5.22572
5.22572
3.86056
3.86056
5.2257
5.2257
3.86056
3.86056
5.22567
5.22567
3.86055
3.86055
5.22565
5.22565
3.86055
3.86055
5.22563
5.22563
3.86055
3.86055
5.22561
5.22561
3.86055
3.86055
5.22559
5.22559
3.86055
3.86055
5.22556
5.22556
3.86054
3.86054
5.22554
5.22554
3.86054
3.86054
5.22552
5.22552
3.86054
3.86054
5.2255
5.2255
3.86054
3.86054
5.22548
5.22548
3.86054
3.86054
5.22545
5.22545
3.86053
3.86053
5.22543
5.22543
3.86053
3.86053
5.22541
5.22541
3.86053
3.86053
5.22539
5.22539
3.86053
3.86053
5.22537
5.22537
3.86052
3.86052
5.22535
5.22535
3.86052
3.86052
5.22532
5.22532
3.86052
3.86052
5.2253
5.2253
3.86052
3.86052
5.22528
5.22528
3.86052
3.86052
5.22526
5.22526
3.86051
3.86051
5.22524
5.22524
3.86051
3.86051
5.22521
5.22521
3.86051
3.86051
5.22519
5.22519
3.86051
3.86051
5.22517
5.22517
3.86051
3.86051
5.22515
5.22515
3.8605
3.8605
5.22513
5.22513
3.8605
3.8605
5.2251
5.2251
3.8605
3.8605
5.22508
5.22508
3.8605
3.8605
5.22506
5.22506
3.8605
3.8605
5.22504
5.22504
3.86049
3.86049
5.22502
5.22502
3.86049
3.86049
5.225
5.225
3.86049
3.86049
5.22497
5.22497
3.86049
3.86049
5.22495
5.22495
3.86048
3.86048
5.22493
5.22493
3.86048
3.86048
5.22491
5.22491
3.86048
3.86048
5.22489
5.22489
3.86048
3.86048
5.22486
5.22486
3.86048
3.86048
5.22484
5.22484
3.86047
3.86047
5.22482
5.22482
3.86047
3.86047
5.2248
5.2248
3.86047
3.86047
5.22478
5.22478
3.86047
3.86047
5.22476
5.22476
3.86047
3.86047
5.22473
5.22473
3.86046
3.86046
5.22471
5.22471
3.86046
3.86046
5.22469
5.22469
3.86046
3.86046
5.22467
5.22467
3.86046
3.86046
5.22465
5.22465
3.86045
3.86045
5.22462
5.22462
3.86045
3.86045
5.2246
5.2246
3.86045
3.86045
5.22458
5.22458
3.86045
3.86045
5.22454
5.22454
3.86045
3.86045
5.22452
5.22452
3.86044
3.86044
5.22449
5.22449
3.86044
3.86044
5.22446
5.22446
3.86044
3.86044
5.22444
5.22444
3.86044
3.86044
5.22442
5.22442
3.86043
3.86043
5.2244
5.2244
3.86043
3.86043
5.22439
5.22439
3.86043
3.86043
6.08402
6.08402
6.08401
6.08401
6.084
6.084
6.08398
6.08398
6.08397
6.08397
5.19273
5.19273
5.19272
5.19272
5.19271
5.19271
5.1927
5.1927
5.19269
5.19269
4.595
4.595
4.59499
4.59499
4.59499
4.59499
3.86041
3.86041
4.59497
4.59497
3.86041
3.86041
4.59496
4.59496
3.86041
3.86041
4.59494
4.59494
3.8604
3.8604
6.68202
6.68202
3.8604
3.8604
6.08389
6.08389
6.08387
6.08387
6.08386
6.08386
6.08384
6.08384
4.89503
4.89503
4.89502
4.89502
4.89501
4.89501
4.89501
4.89501
4.895
4.895
4.89499
4.89499
4.89498
4.89498
4.29469
4.29469
4.89496
4.89496
4.29469
4.29469
4.89494
4.89494
4.29468
4.29468
6.68196
6.68196
4.29468
4.29468
3.86038
3.86038
5.79198
5.79198
3.86038
3.86038
5.79195
5.79195
3.86038
3.86038
5.79193
5.79193
3.86038
3.86038
5.19262
5.19262
3.86037
3.86037
5.1926
5.1926
3.86037
3.86037
4.59488
4.59488
3.86037
3.86037
4.59486
4.59486
3.86037
3.86037
4.59485
4.59485
3.86037
3.86037
4.59483
4.59483
3.86036
3.86036
4.59482
4.59482
3.86036
3.86036
6.08375
6.08375
3.86035
3.86035
6.08373
6.08373
3.86033
3.86033
5.22438
5.22438
3.86033
3.86033
5.22436
5.22436
3.86033
3.86033
5.22433
5.22433
3.86033
3.86033
5.22431
5.22431
3.86032
3.86032
5.22428
5.22428
3.86032
3.86032
4.89488
4.89488
3.86032
3.86032
4.89487
4.89487
3.86032
3.86032
4.89485
4.89485
3.86031
3.86031
4.89483
4.89483
3.86031
3.86031
4.89482
4.89482
3.86031
3.86031
4.89481
4.89481
3.86031
3.86031
4.89479
4.89479
3.86031
3.86031
5.19259
5.19259
3.86031
3.86031
5.19257
5.19257
3.8603
3.8603
5.19255
5.19255
3.8603
3.8603
5.19253
5.19253
3.8603
3.8603
5.19251
5.19251
3.8603
3.8603
5.19249
5.19249
3.8603
3.8603
5.19247
5.19247
3.86029
3.86029
5.19245
5.19245
3.86029
3.86029
5.19243
5.19243
3.86029
3.86029
5.19241
5.19241
3.86029
3.86029
5.1924
5.1924
3.86029
3.86029
5.19238
5.19238
3.86028
3.86028
5.19236
5.19236
3.86028
3.86028
5.19234
5.19234
3.86028
3.86028
5.19233
5.19233
3.86028
3.86028
5.19231
5.19231
3.86028
3.86028
5.19229
5.19229
3.86027
3.86027
5.19227
5.19227
3.86027
3.86027
5.19225
5.19225
3.86027
3.86027
5.19223
5.19223
3.86027
3.86027
5.19221
5.19221
3.86027
3.86027
5.1922
5.1922
3.86026
3.86026
5.19218
5.19218
3.86026
3.86026
5.19216
5.19216
3.86026
3.86026
5.19214
5.19214
3.86026
3.86026
5.19212
5.19212
3.86026
3.86026
5.1921
5.1921
3.86025
3.86025
5.19208
5.19208
3.86025
3.86025
5.19207
5.19207
3.86025
3.86025
5.19205
5.19205
3.86025
3.86025
5.19203
5.19203
3.86025
3.86025
5.19201
5.19201
3.86024
3.86024
5.19199
5.19199
3.86024
3.86024
5.19198
5.19198
3.86024
3.86024
5.19196
5.19196
3.86024
3.86024
5.19194
5.19194
3.86024
3.86024
5.19192
5.19192
3.86023
3.86023
5.1919
5.1919
3.86023
3.86023
5.19189
5.19189
3.86023
3.86023
5.19187
5.19187
3.86023
3.86023
5.19185
5.19185
3.86023
3.86023
5.19183
5.19183
3.86022
3.86022
5.19181
5.19181
3.86022
3.86022
5.19179
5.19179
3.86022
3.86022
5.19177
5.19177
3.86022
3.86022
5.19176
5.19176
3.86022
3.86022
3.86022
3.86022
5.18919
5.18919
3.85993
3.85993
5.18918
5.18918
3.85993
3.85993
3.85993
3.85993
3.85993
3.85993
5.18919
5.18919
3.85993
3.85993
5.18918
5.18918
3.85993
3.85993
5.18916
5.18916
3.85993
3.85993
5.18914
5.18914
3.85993
3.85993
5.18912
5.18912
3.85992
3.85992
5.1891
5.1891
3.85992
3.85992
5.18908
5.18908
3.85992
3.85992
5.18906
5.18906
3.85992
3.85992
5.18905
5.18905
3.85992
3.85992
5.18903
5.18903
3.85991
3.85991
5.18901
5.18901
3.85991
3.85991
5.18899
5.18899
3.85991
3.85991
5.18897
5.18897
3.85991
3.85991
5.18896
5.18896
3.85991
3.85991
5.18894
5.18894
3.8599
3.8599
5.18892
5.18892
3.8599
3.8599
5.1889
5.1889
3.8599
3.8599
5.18888
5.18888
3.8599
3.8599
5.18886
5.18886
3.8599
3.8599
5.18884
5.18884
3.85989
3.85989
5.18883
5.18883
3.85989
3.85989
5.18881
5.18881
3.85989
3.85989
5.18879
5.18879
3.85989
3.85989
5.18877
5.18877
3.85989
3.85989
5.18875
5.18875
3.85988
3.85988
5.18874
5.18874
3.85988
3.85988
5.18872
5.18872
3.85988
3.85988
5.1887
5.1887
3.85988
3.85988
5.18868
5.18868
3.85988
3.85988
5.18866
5.18866
3.85987
3.85987
5.18864
5.18864
3.85987
3.85987
5.18862
5.18862
3.85987
3.85987
5.1886
5.1886
3.85987
3.85987
5.18859
5.18859
3.85987
3.85987
5.18857
5.18857
3.85986
3.85986
5.18855
5.18855
3.85986
3.85986
5.18853
5.18853
3.85986
3.85986
5.18851
5.18851
3.85986
3.85986
5.18849
5.18849
3.85986
3.85986
5.18848
5.18848
3.85985
3.85985
5.18846
5.18846
3.85985
3.85985
5.18844
5.18844
3.85985
3.85985
5.18842
5.18842
3.85985
3.85985
5.1884
5.1884
3.85985
3.85985
5.18838
5.18838
3.85984
3.85984
5.18836
5.18836
3.85984
3.85984
5.18834
5.18834
3.85984
3.85984
5.18833
5.18833
3.85984
3.85984
5.18831
5.18831
3.85984
3.85984
5.18829
5.18829
3.85983
3.85983
5.18827
5.18827
3.85983
3.85983
5.18825
5.18825
3.85983
3.85983
5.18823
5.18823
3.85983
3.85983
5.18822
5.18822
3.85983
3.85983
5.1882
5.1882
3.85982
3.85982
5.18818
5.18818
3.85982
3.85982
5.18816
5.18816
3.85982
3.85982
5.18814
5.18814
3.85982
3.85982
5.18812
5.18812
3.85982
3.85982
5.1881
5.1881
3.85981
3.85981
5.18809
5.18809
3.85981
3.85981
5.18807
5.18807
3.85981
3.85981
5.18805
5.18805
3.85981
3.85981
5.18803
5.18803
3.85981
3.85981
5.18801
5.18801
3.8598
3.8598
5.18799
5.18799
3.8598
3.8598
5.18798
5.18798
3.8598
3.8598
5.18796
5.18796
3.8598
3.8598
5.18794
5.18794
3.8598
3.8598
5.18792
5.18792
3.85979
3.85979
5.1879
5.1879
3.85979
3.85979
5.18788
5.18788
3.85979
3.85979
5.18786
5.18786
3.85979
3.85979
5.18785
5.18785
3.85979
3.85979
5.18783
5.18783
3.85978
3.85978
5.18781
5.18781
3.85978
3.85978
5.18779
5.18779
3.85978
3.85978
5.18777
5.18777
3.85978
3.85978
5.18775
5.18775
3.85978
3.85978
5.18773
5.18773
3.85977
3.85977
5.18772
5.18772
3.85977
3.85977
5.1877
5.1877
3.85977
3.85977
5.18768
5.18768
3.85977
3.85977
5.18766
5.18766
3.85977
3.85977
5.18764
5.18764
3.85976
3.85976
5.18762
5.18762
3.85976
3.85976
5.1876
5.1876
3.85976
3.85976
5.18759
5.18759
3.85976
3.85976
5.18757
5.18757
3.85976
3.85976
5.18755
5.18755
3.85975
3.85975
5.18753
5.18753
3.85975
3.85975
5.18751
5.18751
3.85975
3.85975
5.18749
5.18749
3.85975
3.85975
5.18747
5.18747
3.85974
3.85974
5.18746
5.18746
3.85974
3.85974
5.18744
5.18744
3.85974
3.85974
5.18742
5.18742
3.85974
3.85974
5.1874
5.1874
3.85974
3.85974
5.18738
5.18738
3.85973
3.85973
5.18736
5.18736
3.85973
3.85973
5.18734
5.18734
3.85973
3.85973
5.18733
5.18733
3.85973
3.85973
5.18731
5.18731
3.85973
3.85973
5.18729
5.18729
3.85972
3.85972
5.18727
5.18727
3.85972
3.85972
5.18725
5.18725
3.85972
3.85972
5.18723
5.18723
3.85972
3.85972
5.18721
5.18721
3.85972
3.85972
5.18719
5.18719
3.85971
3.85971
5.18718
5.18718
3.85971
3.85971
5.18716
5.18716
3.85971
3.85971
5.18714
5.18714
3.85971
3.85971
5.18712
5.18712
3.8597
3.8597
5.1871
5.1871
3.8597
3.8597
5.18708
5.18708
3.8597
3.8597
5.18706
5.18706
3.8597
3.8597
5.18704
5.18704
3.8597
3.8597
5.18703
5.18703
3.85969
3.85969
5.18701
5.18701
3.85969
3.85969
5.18699
5.18699
3.85969
3.85969
5.18697
5.18697
3.85969
3.85969
5.18695
5.18695
3.85969
3.85969
5.18693
5.18693
3.85968
3.85968
5.18691
5.18691
3.85968
3.85968
5.1869
5.1869
3.85968
3.85968
5.18688
5.18688
3.85968
3.85968
5.18686
5.18686
3.85968
3.85968
5.18684
5.18684
3.85967
3.85967
5.18682
5.18682
3.85967
3.85967
5.1868
5.1868
3.85967
3.85967
5.18678
5.18678
3.85967
3.85967
5.18676
5.18676
3.85967
3.85967
5.18675
5.18675
3.85966
3.85966
5.18673
5.18673
3.85966
3.85966
5.18671
5.18671
3.85966
3.85966
5.18669
5.18669
3.85966
3.85966
5.18667
5.18667
3.85966
3.85966
5.18665
5.18665
3.85965
3.85965
5.18663
5.18663
3.85965
3.85965
5.18662
5.18662
3.85965
3.85965
5.1866
5.1866
3.85965
3.85965
5.18658
5.18658
3.85965
3.85965
5.18656
5.18656
3.85964
3.85964
5.18654
5.18654
3.85964
3.85964
5.18652
5.18652
3.85964
3.85964
5.1865
5.1865
3.85964
3.85964
5.18649
5.18649
3.85963
3.85963
5.18647
5.18647
3.85963
3.85963
5.18645
5.18645
3.85963
3.85963
5.18643
5.18643
3.85963
3.85963
5.18641
5.18641
3.85963
3.85963
5.18639
5.18639
3.85962
3.85962
5.18638
5.18638
3.85962
3.85962
5.18636
5.18636
3.85962
3.85962
5.18634
5.18634
3.85962
3.85962
5.18632
5.18632
3.85962
3.85962
5.1863
5.1863
3.85961
3.85961
5.18628
5.18628
3.85961
3.85961
5.18626
5.18626
3.85961
3.85961
5.18625
