6.95329e-310
6.95329e-310
5.03
5.03
4.75
4.75
1.74
1.74
5.73
5.73
4.82
4.82
4.82
4.82
5.03
5.03
4.75
4.75
1.74
1.74
5.73
5.73
4.82
4.82
1.6
1.6
4.19
4.19
4.05
4.05
2.58
2.58
4.54
4.54
5.17
5.17
2.79
2.79
5.38
5.38
4.12
4.12
3.98
3.98
4.82
4.82
2.79
2.79
4.54
4.54
5.17
5.17
3.21
3.21
5.03
5.03
6.64
6.64
2.93
2.93
2.79
2.79
6.71
6.71
2.79
2.79
3.14
3.14
6.64
6.64
2.02
2.02
4.19
4.19
6.01
6.01
3.56
3.56
2.58
2.58
5.52
5.52
3.21
3.21
2.37
2.37
6.5
6.5
2.86
2.86
2.93
2.93
6.85
6.85
2.79
2.79
2.72
2.72
6.71
6.71
2.51
2.51
1.6
1.6
6.71
6.71
4.26
4.26
2.09
2.09
6.5
6.5
3.84
3.84
1.81
1.81
6.64
6.64
3.84
3.84
2.09
2.09
6.64
6.64
3.63
3.63
1.67
1.67
4.75
4.75
21.27
21.27
1.39
1.39
4.89
4.89
5.31
5.31
1.74
1.74
5.24
5.24
5.1
5.1
2.09
2.09
3.42
3.42
4.4
4.4
2.02
2.02
4.4
4.4
5.8
5.8
2.02
2.02
4.61
4.61
5.31
5.31
1.81
1.81
5.31
5.31
4.54
4.54
2.23
2.23
5.87
5.87
5.73
5.73
2.51
2.51
4.96
4.96
5.8
5.8
1.88
1.88
4.89
4.89
5.31
5.31
1.74
1.74
5.24
5.24
4.89
4.89
2.16
2.16
5.94
5.94
6.22
6.22
2.23
2.23
-11.7
-11.7
5.66
5.66
2.02
2.02
4.89
4.89
5.03
5.03
2.37
2.37
5.8
5.8
4.26
4.26
1.95
1.95
5.94
5.94
4.19
4.19
1.95
1.95
6.36
6.36
6.5
6.5
1.88
1.88
4.26
4.26
6.29
6.29
1.67
1.67
4.61
4.61
5.38
5.38
1.95
1.95
5.17
5.17
4.68
4.68
2.37
2.37
3.98
3.98
21.83
21.83
2.02
2.02
4.68
4.68
5.1
5.1
2.16
2.16
5.17
5.17
4.68
4.68
2.3
2.3
3.98
3.98
3.84
3.84
2.58
2.58
4.68
4.68
5.66
5.66
1.81
1.81
5.03
5.03
4.82
4.82
2.02
2.02
5.59
5.59
4.54
4.54
1.88
1.88
6.01
6.01
3.98
3.98
2.16
2.16
4.33
4.33
5.59
5.59
1.81
1.81
4.96
4.96
5.24
5.24
1.95
1.95
5.38
5.38
5.03
5.03
1.81
1.81
5.73
5.73
6.64
6.64
1.74
1.74
-12.19
-12.19
6.43
6.43
1.95
1.95
4.12
4.12
6.36
6.36
1.6
1.6
4.33
4.33
6.15
6.15
1.46
1.46
4.89
4.89
5.73
5.73
3.07
3.07
5.31
5.31
6.29
6.29
2.44
2.44
3.7
3.7
6.01
6.01
2.37
2.37
4.26
4.26
5.66
5.66
1.95
1.95
5.1
5.1
5.45
5.45
2.51
2.51
2.86
2.86
6.64
6.64
3
3
2.65
2.65
6.64
6.64
3.21
3.21
4.12
4.12
5.94
5.94
0.69
0.69
4.4
4.4
6.15
6.15
0.97
0.97
3.28
3.28
7.97
7.97
3.91
3.91
3.49
3.49
5.66
5.66
0.9
0.9
3.07
3.07
7.62
7.62
2.65
2.65
3.84
3.84
6.22
6.22
2.3
2.3
2.37
2.37
5.8
5.8
3
3
1.53
1.53
6.85
6.85
4.47
4.47
2.37
2.37
6.64
6.64
2.72
2.72
1.95
1.95
4.75
4.75
2.65
2.65
3.98
3.98
53.54
53.54
21.34
21.34
-73.02
-73.02
42.69
42.69
3.42
3.42
-44.74
-44.74
-9.88
-9.88
35.27
35.27
91.48
91.48
24.91
24.91
33.66
33.66
13.57
13.57
21.06
21.06
17.63
17.63
-13.59
-13.59
-22.27
-22.27
-73.37
-73.37
-44.25
-44.25
-31.3
-31.3
-3.58
-3.58
27.71
27.71
27.36
27.36
23.02
23.02
10
10
12.38
12.38
-16.88
-16.88
-27.24
-27.24
-23.46
-23.46
12.59
12.59
30.02
30.02
31.28
31.28
13.36
13.36
11.75
11.75
0.69
0.69
2.58
2.58
-4.35
-4.35
8.11
8.11
11.19
11.19
6.78
6.78
14.9
14.9
17.56
17.56
17.49
17.49
13.29
13.29
-4.7
-4.7
-20.52
-20.52
-9.04
-9.04
2.02
2.02
10.84
10.84
12.1
12.1
12.87
12.87
2.51
2.51
-2.11
-2.11
-0.57
-0.57
-10.72
-10.72
-3.93
-3.93
1.74
1.74
1.18
1.18
9.65
9.65
22.25
22.25
11.12
11.12
3.56
3.56
-0.85
-0.85
-9.04
-9.04
-1.13
-1.13
3.35
3.35
1.11
1.11
8.39
8.39
15.11
15.11
3.35
3.35
-11.84
-11.84
4.82
4.82
-5.82
-5.82
-2.81
-2.81
7.41
7.41
4.4
4.4
7.48
7.48
13.71
13.71
3.7
3.7
-0.29
-0.29
0.76
0.76
-2.11
-2.11
3.35
3.35
8.32
8.32
5.31
5.31
5.03
5.03
11.54
11.54
5.03
5.03
1.46
1.46
-2.11
-2.11
-2.46
-2.46
-1.41
-1.41
7.9
7.9
6.36
6.36
10.42
10.42
4.54
4.54
-1.76
-1.76
-2.04
-2.04
7.34
7.34
3
3
2.93
2.93
9.02
9.02
1.46
1.46
3.35
3.35
8.6
8.6
21.9
21.9
3.28
3.28
9.23
9.23
7.27
7.27
1.67
1.67
4.26
4.26
5.8
5.8
1.95
1.95
7.69
7.69
7.55
7.55
2.23
2.23
2.93
2.93
-0.64
-0.64
-2.04
-2.04
6.01
6.01
9.44
9.44
5.87
5.87
7.13
7.13
0.69
0.69
-7.57
-7.57
1.88
1.88
4.47
4.47
5.03
5.03
10.84
10.84
7.83
7.83
2.51
2.51
3.63
3.63
0.41
0.41
1.04
1.04
6.92
6.92
9.37
9.37
3.56
3.56
9.44
9.44
5.45
5.45
2.16
2.16
1.18
1.18
1.74
1.74
0.48
0.48
3.98
3.98
5.8
5.8
1.95
1.95
3.63
3.63
6.71
6.71
0.69
0.69
4.19
4.19
6.92
6.92
1.88
1.88
5.66
5.66
7.2
7.2
0.83
0.83
0.0599999
0.0599999
5.73
5.73
0.13
0.13
2.86
2.86
8.81
8.81
4.33
4.33
2.51
2.51
7.13
7.13
3
3
0.0599999
0.0599999
7.83
7.83
3.07
3.07
-0.15
-0.15
5.66
5.66
7.97
7.97
2.65
2.65
3.7
3.7
5.59
5.59
-0.22
-0.22
4.61
4.61
7.41
7.41
1.67
1.67
3.84
3.84
6.78
6.78
2.37
2.37
1.88
1.88
6.92
6.92
0.34
0.34
-0.0100002
-0.0100002
7.83
7.83
2.86
2.86
2.37
2.37
6.08
6.08
4.05
4.05
0.34
0.34
-10.93
-10.93
3.42
3.42
0.55
0.55
5.45
5.45
6.29
6.29
0.9
0.9
5.45
5.45
7.27
7.27
1.11
1.11
1.11
1.11
1.11
1.11
6.01
6.01
4.47
4.47
1.6
1.6
3.91
3.91
7.13
7.13
7.13
7.13
6.01
6.01
4.47
4.47
1.6
1.6
3.91
3.91
7.13
7.13
7.13
7.13
6.01
6.01
4.47
4.47
1.6
1.6
3.91
3.91
7.13
7.13
1.39
1.39
4.05
4.05
6.78
6.78
0.97
0.97
4.19
4.19
6.85
6.85
1.04
1.04
1.6
1.6
6.78
6.78
3.35
3.35
1.6
1.6
7.27
7.27
3
3
1.46
1.46
7.48
7.48
2.86
2.86
2.3
2.3
7.76
7.76
2.44
2.44
2.65
2.65
6.08
6.08
1.88
1.88
0.97
0.97
6.15
6.15
4.82
4.82
1.25
1.25
6.92
6.92
4.4
4.4
0.9
0.9
6.92
6.92
3.91
3.91
1.32
1.32
4.68
4.68
6.36
6.36
1.18
1.18
5.31
5.31
5.31
5.31
1.25
1.25
5.94
5.94
4.54
4.54
1.46
1.46
6.64
6.64
3.77
3.77
2.3
2.3
-10.86
-10.86
5.66
5.66
2.86
2.86
5.94
5.94
4.61
4.61
1.46
1.46
6.36
6.36
4.26
4.26
1.6
1.6
7.06
7.06
3.63
3.63
2.02
2.02
7.2
7.2
6.01
6.01
1.18
1.18
6.15
6.15
4.96
4.96
1.74
1.74
6.57
6.57
3.77
3.77
1.74
1.74
6.78
6.78
3.28
3.28
1.32
1.32
7.27
7.27
5.59
5.59
1.25
1.25
5.8
5.8
4.33
4.33
1.25
1.25
6.57
6.57
3.98
3.98
1.88
1.88
7.2
7.2
3.42
3.42
2.37
2.37
5.24
5.24
2.44
2.44
1.25
1.25
5.94
5.94
4.61
4.61
1.53
1.53
6.71
6.71
3.84
3.84
2.3
2.3
6.85
6.85
2.58
2.58
2.65
2.65
5.73
5.73
2.16
2.16
1.53
1.53
6.15
6.15
4.33
4.33
1.39
1.39
6.92
6.92
3.98
3.98
1.25
1.25
7.2
7.2
3.56
3.56
1.95
1.95
5.1
5.1
6.01
6.01
2.51
2.51
5.8
5.8
5.1
5.1
1.11
1.11
6.08
6.08
4.82
4.82
1.32
1.32
6.78
6.78
21.62
21.62
1.88
1.88
7.06
7.06
6.22
6.22
1.18
1.18
5.66
5.66
5.59
5.59
1.18
1.18
6.08
6.08
4.89
4.89
0.97
0.97
6.43
6.43
4.82
4.82
0.9
0.9
6.57
6.57
7.34
7.34
1.39
1.39
4.26
4.26
6.78
6.78
1.11
1.11
4.54
4.54
6.5
6.5
1.04
1.04
5.31
5.31
6.08
6.08
0.9
0.9
5.38
5.38
6.01
6.01
2.44
2.44
2.58
2.58
7.83
7.83
2.23
2.23
3.14
3.14
7.48
7.48
1.46
1.46
3.98
3.98
6.29
6.29
1.74
1.74
2.44
2.44
5.87
5.87
2.72
2.72
2.93
2.93
7.48
7.48
2.44
2.44
3.14
3.14
6.36
6.36
1.74
1.74
4.47
4.47
6.5
6.5
1.6
1.6
1.81
1.81
6.99
6.99
1.04
1.04
2.65
2.65
6.5
6.5
2.79
2.79
4.12
4.12
6.01
6.01
2.02
2.02
4.4
4.4
6.36
6.36
1.04
1.04
4.75
4.75
6.78
6.78
3.42
3.42
2.86
2.86
7.13
7.13
2.51
2.51
3.14
3.14
6.5
6.5
2.02
2.02
3.63
3.63
6.08
6.08
1.74
1.74
5.03
5.03
7.34
7.34
2.72
2.72
4.96
4.96
6.92
6.92
2.72
2.72
2.86
2.86
7.34
7.34
2.23
2.23
3.77
3.77
7.13
7.13
1.74
1.74
3.77
3.77
5.8
5.8
3.84
3.84
3.07
3.07
5.45
5.45
2.93
2.93
4.75
4.75
5.73
5.73
1.39
1.39
4.47
4.47
6.15
6.15
1.25
1.25
1.74
1.74
6.71
6.71
3.7
3.7
1.18
1.18
7.34
7.34
3.98
3.98
0.55
0.55
6.99
6.99
4.68
4.68
1.18
1.18
7.06
7.06
4.54
4.54
0.83
0.83
3.7
3.7
4.12
4.12
1.25
1.25
4.4
4.4
6.29
6.29
1.53
1.53
5.38
5.38
5.1
5.1
1.25
1.25
5.87
5.87
4.54
4.54
0.9
0.9
3.77
3.77
4.68
4.68
1.18
1.18
2.93
2.93
8.39
8.39
1.32
1.32
1.81
1.81
8.67
8.67
2.44
2.44
1.39
1.39
8.11
8.11
3
3
1.04
1.04
5.31
5.31
2.44
2.44
1.88
1.88
6.08
6.08
4.33
4.33
2.02
2.02
6.57
6.57
3.56
3.56
3.07
3.07
5.73
5.73
2.79
2.79
4.61
4.61
5.59
5.59
3.07
3.07
4.4
4.4
5.31
5.31
1.88
1.88
5.1
5.1
4.82
4.82
1.32
1.32
5.66
5.66
5.38
5.38
2.37
2.37
6.01
6.01
7.2
7.2
2.23
2.23
3.63
3.63
6.15
6.15
1.74
1.74
4.4
4.4
6.29
6.29
1.32
1.32
4.82
4.82
6.08
6.08
2.93
2.93
5.17
5.17
5.24
5.24
2.3
2.3
3.42
3.42
7.48
7.48
2.02
2.02
3.07
3.07
7.55
7.55
1.81
1.81
3.14
3.14
7.55
7.55
1.81
1.81
1.04
1.04
7.2
7.2
4.61
4.61
0.9
0.9
6.85
6.85
4.19
4.19
0.76
0.76
6.92
6.92
4.54
4.54
1.39
1.39
6.85
6.85
3.7
3.7
1.11
1.11
