6.95288e-310
6.95288e-310
5.00484
5.00484
5.00484
5.00484
4.90968
4.90968
5.01753
5.01753
4.98678
4.98678
4.96824
4.96824
5.00484
5.00484
4.95653
4.95653
5.01167
5.01167
5.04242
5.04242
4.93213
4.93213
4.96678
4.96678
5.01167
5.01167
4.93164
4.93164
5.05803
5.05803
4.96629
4.96629
4.92139
4.92139
5.02094
5.02094
4.94433
4.94433
4.96043
4.96043
5.01411
5.01411
4.93994
4.93994
4.99557
4.99557
5.00728
5.00728
4.9087
4.9087
5.00289
5.00289
4.94189
4.94189
4.97605
4.97605
5.04339
5.04339
4.91749
4.91749
4.98727
4.98727
5.05803
5.05803
4.95116
4.95116
4.97166
4.97166
5.039
5.039
4.8965
4.8965
5.01314
5.01314
5.03168
5.03168
4.90724
4.90724
5.02631
5.02631
4.99215
4.99215
4.90675
4.90675
5.0307
5.0307
4.96043
4.96043
4.88382
4.88382
5.03266
5.03266
5.01509
5.01509
4.90968
4.90968
5.01655
5.01655
4.95458
4.95458
4.96092
4.96092
5.03119
5.03119
4.9131
4.9131
4.9658
4.9658
5.05169
5.05169
4.89455
4.89455
4.89553
4.89553
5.04486
5.04486
4.92383
4.92383
4.95702
4.95702
5.04193
5.04193
4.93018
4.93018
5.03168
5.03168
4.98874
4.98874
4.91602
4.91602
5.02485
5.02485
4.97068
4.97068
4.86527
4.86527
5.08194
5.08194
4.9453
4.9453
4.87552
4.87552
5.02143
5.02143
4.97019
4.97019
4.97556
4.97556
5.0307
5.0307
4.88577
4.88577
4.98874
4.98874
5.02778
5.02778
4.87308
4.87308
4.9941
4.9941
5.05608
5.05608
4.91505
4.91505
4.98727
4.98727
5.04534
5.04534
4.90822
4.90822
4.98971
4.98971
4.95702
4.95702
4.9414
4.9414
5.03558
5.03558
4.93603
4.93603
5.00289
5.00289
5.02436
5.02436
4.97214
4.97214
5.01606
5.01606
5.04876
5.04876
4.89602
4.89602
5.01314
5.01314
5.04778
5.04778
4.89406
4.89406
4.99313
4.99313
5.00582
5.00582
4.91944
4.91944
5.06877
5.06877
4.97263
4.97263
4.87796
4.87796
5.01558
5.01558
5.0229
5.0229
4.91798
4.91798
5.04583
5.04583
4.99313
4.99313
4.93115
4.93115
5.04974
5.04974
4.9453
4.9453
4.978
4.978
5.03314
5.03314
4.89504
4.89504
4.88528
4.88528
5.04095
5.04095
4.94433
4.94433
5.00728
5.00728
5.03998
5.03998
4.85063
4.85063
4.96726
4.96726
5.02241
5.02241
4.856
4.856
5.01265
5.01265
5.00777
5.00777
4.87796
4.87796
5.03217
5.03217
5.0146
5.0146
4.90773
4.90773
5.03851
5.03851
4.96531
4.96531
4.93945
4.93945
5.02729
5.02729
4.9375
4.9375
4.9863
4.9863
5.04193
5.04193
4.90187
4.90187
4.93457
4.93457
5.04632
5.04632
4.87991
4.87991
4.95897
4.95897
5.04388
5.04388
4.91944
4.91944
4.98776
4.98776
5.039
5.039
4.8804
4.8804
5.01655
5.01655
5.02485
5.02485
4.89553
4.89553
5.01558
5.01558
5.0473
5.0473
4.90919
4.90919
5.0429
5.0429
5.03022
5.03022
4.90334
4.90334
5.04486
5.04486
5.00338
5.00338
4.84917
4.84917
5.04632
5.04632
4.9658
4.9658
4.85405
4.85405
5.07609
5.07609
5.06194
5.06194
4.8887
4.8887
5.06633
5.06633
4.98971
4.98971
4.90626
4.90626
5.0063
5.0063
4.9819
4.9819
4.90138
4.90138
5.0551
5.0551
4.97263
4.97263
4.87552
4.87552
5.04242
5.04242
5.05364
5.05364
4.96824
4.96824
5.03656
5.03656
4.93945
4.93945
4.9863
4.9863
5.05071
5.05071
4.89992
4.89992
5.02094
5.02094
5.0268
5.0268
4.89455
4.89455
5.00826
5.00826
4.98093
4.98093
4.95409
4.95409
4.99898
4.99898
5.02094
5.02094
4.90724
4.90724
5.03558
5.03558
4.98093
4.98093
4.93115
4.93115
5.04876
5.04876
4.91456
4.91456
5.00142
5.00142
5.06194
5.06194
4.97507
4.97507
5.0024
5.0024
5.02094
5.02094
4.93506
4.93506
4.9863
4.9863
5.03168
5.03168
4.87894
4.87894
5.01802
5.01802
5.0473
5.0473
4.90578
4.90578
5.0351
5.0351
5.01558
5.01558
4.93554
4.93554
4.9741
4.9741
4.96482
4.96482
4.88772
4.88772
5.00533
5.00533
4.9619
4.9619
8.60286
8.60286
9.24117
9.24117
4.08057
4.08057
3.34418
3.34418
6.47714
6.47714
6.46152
6.46152
3.52864
3.52864
6.54448
6.54448
4.85942
4.85942
4.83648
4.83648
3.63502
3.63502
4.55588
4.55588
4.29822
4.29822
4.25722
4.25722
3.71701
3.71701
4.98142
4.98142
4.89553
4.89553
4.47487
4.47487
5.50797
5.50797
5.03461
5.03461
4.93506
4.93506
5.04876
5.04876
6.49861
6.49861
5.10488
5.10488
5.07999
5.07999
5.28154
5.28154
5.14782
5.14782
4.51294
4.51294
4.97068
4.97068
5.20931
5.20931
4.7545
4.7545
4.68764
4.68764
4.90382
4.90382
3.69895
3.69895
4.59053
4.59053
4.84331
4.84331
4.5549
4.5549
4.55051
4.55051
5.2059
5.2059
5.26641
5.26641
4.2621
4.2621
4.5105
4.5105
5.33863
5.33863
5.49382
5.49382
4.74132
4.74132
4.64616
4.64616
4.77841
4.77841
5.42501
5.42501
4.8438
4.8438
4.58418
4.58418
4.85649
4.85649
4.92871
4.92871
5.10878
5.10878
4.42998
4.42998
4.77694
4.77694
4.53929
4.53929
4.36458
4.36458
4.52855
4.52855
4.69935
4.69935
4.77646
4.77646
4.84185
4.84185
4.91846
4.91846
4.99459
4.99459
4.80671
4.80671
4.89699
4.89699
4.96238
4.96238
5.01118
5.01118
5.02534
5.02534
4.92383
4.92383
4.57589
4.57589
4.7013
4.7013
5.04925
5.04925
5.18589
5.18589
4.78378
4.78378
4.6403
4.6403
4.78231
4.78231
4.84038
4.84038
4.62127
4.62127
4.9536
4.9536
4.61786
4.61786
4.59053
4.59053
4.81842
4.81842
5.04486
5.04486
5.17271
5.17271
4.6852
4.6852
4.66324
4.66324
5.16783
5.16783
5.13611
5.13611
4.60224
4.60224
4.64226
4.64226
5.27226
5.27226
5.17515
5.17515
4.50074
4.50074
5.25226
5.25226
5.5353
5.5353
4.76035
4.76035
4.57882
4.57882
5.21419
5.21419
5.07999
5.07999
4.46755
4.46755
4.88723
4.88723
5.2791
5.2791
4.66031
4.66031
4.78134
4.78134
4.80671
4.80671
4.39582
4.39582
4.95653
4.95653
5.29422
5.29422
4.69984
4.69984
4.79402
4.79402
5.31618
5.31618
4.89016
4.89016
4.64909
4.64909
5.0595
5.0595
5.3235
5.3235
4.97361
4.97361
4.8072
4.8072
5.20638
5.20638
5.10098
5.10098
4.66617
4.66617
5.19614
5.19614
5.5026
5.5026
4.9087
4.9087
4.53002
4.53002
4.9414
4.9414
5.60069
5.60069
5.5187
5.5187
4.5754
4.5754
4.75157
4.75157
5.18442
5.18442
5.21468
5.21468
5.14978
5.14978
4.63152
4.63152
4.95946
4.95946
5.04632
5.04632
5.25616
5.25616
5.06194
5.06194
4.77841
4.77841
4.73302
4.73302
5.03022
5.03022
5.30984
5.30984
5.39524
5.39524
4.84673
4.84673
4.87601
4.87601
4.88382
4.88382
5.31667
5.31667
5.43623
5.43623
5.20443
5.20443
5.14148
5.14148
4.9331
4.9331
5.18833
5.18833
5.19077
5.19077
5.12977
5.12977
4.99069
4.99069
5.00142
5.00142
5.04827
5.04827
5.09512
5.09512
5.07511
5.07511
4.78329
4.78329
5.23615
5.23615
5.2259
5.2259
5.29471
5.29471
4.95897
4.95897
5.01216
5.01216
5.08975
5.08975
5.24786
5.24786
5.21712
5.21712
4.87796
4.87796
5.03266
5.03266
4.92871
4.92871
5.10634
5.10634
5.11464
5.11464
5.06535
5.06535
5.02485
5.02485
5.08048
5.08048
5.04876
5.04876
5.07658
5.07658
5.05852
5.05852
5.19077
5.19077
5.2059
5.2059
4.97849
4.97849
5.10488
5.10488
4.96922
4.96922
5.19614
5.19614
5.08146
5.08146
5.01265
5.01265
5.02241
5.02241
5.00435
5.00435
5.05315
5.05315
5.02192
5.02192
5.12635
5.12635
5.02485
5.02485
5.0429
5.0429
4.91407
4.91407
5.04778
5.04778
5.20102
5.20102
5.03022
5.03022
4.93408
4.93408
4.91651
4.91651
5.04681
5.04681
5.02729
5.02729
5.05266
5.05266
4.81354
4.81354
5.11513
5.11513
5.10098
5.10098
5.10634
5.10634
4.93554
4.93554
4.97556
4.97556
5.06047
5.06047
4.93115
4.93115
5.02973
5.02973
5.08536
5.08536
5.19418
5.19418
4.95458
4.95458
4.95458
4.95458
4.93896
4.93896
4.85258
4.85258
4.9453
4.9453
5.03217
5.03217
4.95018
4.95018
4.95018
4.95018
4.93896
4.93896
4.85258
4.85258
4.9453
4.9453
5.03217
5.03217
4.95018
4.95018
4.80915
4.80915
4.90334
4.90334
5.02143
5.02143
5.05901
5.05901
4.93847
4.93847
4.88333
4.88333
4.90626
4.90626
4.97507
4.97507
4.98532
4.98532
4.91651
4.91651
4.92627
4.92627
4.94384
4.94384
4.98093
4.98093
4.9453
4.9453
4.94042
4.94042
4.95165
4.95165
4.97849
4.97849
4.95555
4.95555
4.94335
4.94335
4.93066
4.93066
4.94482
4.94482
5.05364
5.05364
4.87308
4.87308
4.90724
4.90724
4.93945
4.93945
4.9863
4.9863
4.87552
4.87552
4.94823
4.94823
4.99215
4.99215
4.97117
4.97117
4.95116
4.95116
4.88479
4.88479
4.92627
4.92627
4.97605
4.97605
5.0268
5.0268
4.95409
4.95409
4.90529
4.90529
4.90773
4.90773
5.00679
5.00679
5.01899
5.01899
4.93652
4.93652
4.87747
4.87747
4.98776
4.98776
4.97458
4.97458
4.89748
4.89748
4.94286
4.94286
5.03998
5.03998
4.94677
4.94677
4.9292
4.9292
5.01802
5.01802
4.98776
4.98776
4.8643
4.8643
4.96678
4.96678
5.03412
5.03412
4.89358
4.89358
4.94921
4.94921
5.04095
5.04095
4.92237
4.92237
4.93896
4.93896
4.96775
4.96775
4.92139
4.92139
4.97751
4.97751
4.94238
4.94238
4.95604
4.95604
5.0551
5.0551
4.97556
4.97556
4.91066
4.91066
5.02046
5.02046
4.97214
4.97214
4.93554
4.93554
4.94238
4.94238
4.93896
4.93896
4.99898
4.99898
5.02338
5.02338
4.95702
4.95702
5.02875
5.02875
5.04681
5.04681
4.89602
4.89602
4.89894
4.89894
5.02046
5.02046
4.98922
4.98922
4.9253
4.9253
5.05071
5.05071
5.09414
5.09414
4.94482
4.94482
4.90187
4.90187
5.03022
5.03022
4.9697
4.9697
4.89211
4.89211
4.92676
4.92676
5.02436
5.02436
5.0107
5.0107
4.96482
4.96482
4.99459
4.99459
5.03461
5.03461
4.96092
4.96092
4.87796
4.87796
4.9209
4.9209
4.9902
4.9902
5.00826
5.00826
4.96873
4.96873
4.99752
4.99752
5.02631
5.02631
5.01655
5.01655
4.94872
4.94872
4.94091
4.94091
4.97361
4.97361
5.00533
5.00533
4.98776
4.98776
4.97751
4.97751
5.0063
5.0063
4.99069
4.99069
4.98776
4.98776
4.9575
4.9575
4.94823
4.94823
4.95994
4.95994
4.97946
4.97946
4.94823
4.94823
5.01021
5.01021
4.9902
4.9902
5.00191
5.00191
4.97751
4.97751
4.9941
4.9941
4.95555
4.95555
4.97019
4.97019
4.9741
4.9741
4.98776
4.98776
4.96336
4.96336
4.9985
4.9985
4.96629
4.96629
4.99996
4.99996
4.9414
4.9414
5.02143
5.02143
4.96141
4.96141
5.00972
5.00972
5.01411
5.01411
4.98678
4.98678
5.02338
5.02338
4.91163
4.91163
4.9941
4.9941
4.92969
4.92969
4.97751
4.97751
4.94189
4.94189
5.00338
5.00338
4.97849
4.97849
4.9985
4.9985
4.97214
4.97214
4.97849
4.97849
4.95653
4.95653
4.95555
4.95555
4.95946
4.95946
4.97849
4.97849
5.00679
5.00679
5.00582
5.00582
4.98239
4.98239
4.91749
4.91749
4.99801
4.99801
4.98434
4.98434
4.96385
4.96385
4.92139
4.92139
4.96482
4.96482
5.00826
5.00826
4.99069
4.99069
4.94677
4.94677
4.96092
4.96092
4.9658
4.9658
4.98581
4.98581
5.00191
5.00191
5.00094
5.00094
4.94726
4.94726
4.9253
4.9253
4.96043
4.96043
4.99752
4.99752
5.0229
5.0229
4.97849
4.97849
4.9048
4.9048
4.88577
4.88577
4.96873
4.96873
5.02631
5.02631
5.01948
5.01948
4.96141
4.96141
4.90675
4.90675
4.92481
4.92481
4.99362
4.99362
5.04486
5.04486
5.02046
5.02046
4.95116
4.95116
4.89846
4.89846
4.90187
4.90187
4.99752
4.99752
4.99313
4.99313
4.9985
4.9985
4.95994
4.95994
4.94335
4.94335
4.90919
4.90919
4.9819
4.9819
4.99069
4.99069
5.00826
5.00826
4.98288
4.98288
4.95604
4.95604
4.9375
4.9375
4.92871
4.92871
4.95116
4.95116
4.95702
4.95702
4.95702
4.95702
4.98532
4.98532
4.96726
4.96726
4.96385
4.96385
4.95604
4.95604
4.96092
4.96092
4.9941
4.9941
4.94579
4.94579
4.92383
4.92383
4.96336
4.96336
4.96092
4.96092
4.98239
4.98239
4.95946
4.95946
4.98678
4.98678
4.95067
4.95067
4.96434
4.96434
4.96092
4.96092
4.9575
4.9575
4.97849
4.97849
4.95799
4.95799
4.95067
4.95067
4.99069
4.99069
4.92871
4.92871
4.98678
4.98678
4.95848
4.95848
4.97068
4.97068
4.96238
4.96238
4.95604
4.95604
4.98386
4.98386
4.96629
4.96629
4.97166
4.97166
4.96238
4.96238
4.95311
4.95311
4.9575
4.9575
5.09805
5.09805
4.978
4.978
4.95409
4.95409
4.96043
4.96043
4.94823
4.94823
4.99752
4.99752
4.9331
4.9331
4.97556
4.97556
4.94823
4.94823
5.00386
5.00386
4.91358
4.91358
5.01655
5.01655
4.94726
4.94726
4.9575
4.9575
4.95506
4.95506
4.96873
4.96873
4.97068
4.97068
4.94189
4.94189
4.9331
4.9331
4.95409
4.95409
4.98239
4.98239
4.97946
4.97946
4.97507
4.97507
4.93945
4.93945
4.99215
4.99215
4.95311
4.95311
4.99801
4.99801
4.96726
4.96726
4.96434
4.96434
4.96678
4.96678
4.97117
4.97117
4.97898
4.97898
4.95458
4.95458
4.94335
4.94335
4.95311
4.95311
4.99459
4.99459
4.97556
4.97556
4.97556
4.97556
4.97556
4.97556
4.97751
4.97751
4.99362
4.99362
4.96482
4.96482
4.97166
4.97166
4.94774
4.94774
4.94921
4.94921
4.97019
4.97019
4.95165
4.95165
4.97898
4.97898
4.97946
4.97946
4.99557
4.99557
4.9941
4.9941
4.93847
4.93847
4.97117
4.97117
4.94384
4.94384
4.9619
4.9619
4.94774
4.94774
4.94189
4.94189
4.96385
4.96385
4.9697
4.9697
5.0146
5.0146
4.9985
4.9985
4.99752
4.99752
4.95946
4.95946
4.96092
4.96092
4.97507
4.97507
4.9497
4.9497
4.98093
4.98093
4.93603
4.93603
4.95262
4.95262
