6.95288e-310
6.95288e-310
3.98612
3.98612
3.98612
3.98612
3.98612
3.98612
3.98612
3.98612
3.98612
3.98612
3.98612
3.98612
3.98612
3.98612
3.98612
3.98612
3.98612
3.98612
3.98612
3.98612
3.98612
3.98612
3.98612
3.98612
3.98612
3.98612
3.98612
3.98612
3.98612
3.98612
3.98612
3.98612
3.98612
3.98612
3.98612
3.98612
3.98612
3.98612
3.98612
3.98612
3.98612
3.98612
3.98612
3.98612
3.98612
3.98612
3.98612
3.98612
3.98612
3.98612
3.98612
3.98612
3.98612
3.98612
3.98612
3.98612
3.98612
3.98612
3.98612
3.98612
3.98612
3.98612
3.98612
3.98612
3.98612
3.98612
3.98612
3.98612
3.98612
3.98612
3.98612
3.98612
3.98612
3.98612
3.98612
3.98612
3.98612
3.98612
3.98612
3.98612
3.98612
3.98612
3.98612
3.98612
3.98612
3.98612
3.98612
3.98612
3.98612
3.98612
3.98612
3.98612
3.98612
3.98612
3.98612
3.98612
3.98612
3.98612
3.98612
3.98612
3.98612
3.98612
3.98612
3.98612
3.98612
3.98612
3.98612
3.98612
3.98612
3.98612
3.98612
3.98612
3.98612
3.98612
3.98612
3.98612
3.98612
3.98612
3.98612
3.98612
3.98612
3.98612
3.98612
3.98612
3.98612
3.98612
3.98612
3.98612
3.98612
3.98612
3.98612
3.98612
3.98612
3.98612
3.98612
3.98612
3.98612
3.98612
3.98612
3.98612
3.98612
3.98612
3.98612
3.98612
3.98612
3.98612
3.98612
3.98612
3.98612
3.98612
3.98612
3.98612
3.98612
3.98612
3.98612
3.98612
3.98612
3.98612
3.98612
3.98612
3.98612
3.98612
3.98612
3.98612
3.98612
3.98612
3.98612
3.98612
3.98612
3.98612
3.98612
3.98612
3.98612
3.98612
3.98612
3.98612
3.98612
3.98612
3.98612
3.98612
3.98612
3.98612
3.98612
3.98612
3.98612
3.98612
3.98612
3.98612
3.98612
3.98612
3.98612
3.98612
3.98612
3.98612
3.98612
3.98612
3.98612
3.98612
3.98612
3.98612
3.98612
3.98612
3.98612
3.98612
3.98612
3.98612
3.98612
3.98612
3.98612
3.98612
3.98612
3.98612
3.98612
3.98612
3.98612
3.98612
3.98612
3.98612
3.98612
3.98612
3.98612
3.98612
3.98612
3.98612
3.98612
3.98612
3.98612
3.98612
3.98612
3.98612
3.98612
3.98612
3.98612
3.98612
3.98612
3.98612
3.98612
3.98612
3.98612
3.98612
3.98612
3.98612
3.98612
3.98612
3.98612
3.98612
3.98612
3.98612
3.98612
3.98612
3.98612
3.98612
3.98612
3.98612
3.98612
3.98612
3.98612
3.98612
3.98612
3.98612
3.98612
3.98612
3.98612
3.98612
3.98612
3.98612
3.98612
3.98612
3.98612
3.98612
3.98612
3.98612
3.98612
3.98612
3.98612
3.98612
3.98612
3.98612
3.98612
3.98612
3.98612
3.98612
3.98612
3.98612
3.98612
3.98612
3.98612
3.98612
3.98612
3.98612
3.98612
3.98612
3.98612
3.98612
3.98612
3.98612
3.98612
3.98612
3.98612
3.98612
3.98612
3.98612
3.98612
3.98612
3.98612
3.98612
3.98612
3.98612
3.98612
3.98612
3.98612
3.98612
3.98612
3.98612
3.98612
3.98612
3.98612
3.98612
3.98612
3.98612
3.98612
3.98612
3.98612
3.98612
3.98612
3.98612
3.98612
3.98612
3.98612
3.98612
3.98612
3.98612
3.98612
3.98612
3.98612
3.98612
3.98612
3.98612
3.98612
3.98612
3.98612
3.98612
3.98612
3.98612
3.98612
3.98612
3.98612
3.98612
3.98612
3.98612
3.98612
3.98612
3.98612
3.98612
3.98612
3.98612
3.98612
3.98612
3.98612
3.98612
3.98612
3.98612
3.98612
3.98612
3.98612
3.98612
3.98612
3.98612
3.98612
3.98612
3.98612
3.98612
3.98612
3.98612
3.98612
3.98612
3.98612
3.98612
3.98612
3.98612
3.98612
3.98612
3.98612
3.98612
3.98612
3.98612
3.98612
3.98612
3.98612
3.98612
3.98612
3.98612
3.98612
3.98612
3.98612
3.98612
3.98612
3.98612
3.98612
3.98612
3.98612
3.98612
3.98612
3.98612
3.98612
3.98612
3.98612
3.98612
3.98612
3.98612
3.98612
3.98612
3.98612
3.98612
3.98612
3.98612
3.98612
3.98612
3.98612
3.98612
3.98612
3.98612
3.98612
3.98612
3.98612
3.98612
3.98612
3.98612
3.98612
3.98612
3.98612
3.98612
3.98612
3.98612
3.98612
3.98612
3.98612
3.98612
3.98612
3.98612
3.98612
3.98612
3.98612
3.98612
3.98612
3.98612
3.98612
3.98612
3.98612
3.98612
3.98612
3.98612
3.98612
3.98612
3.98612
3.98612
3.98612
3.98612
3.98612
3.98612
6.98778
6.98778
3.98612
3.98612
6.98776
6.98776
3.98611
3.98611
6.98773
6.98773
3.98609
3.98609
6.09448
6.09448
5.79787
5.79787
5.49787
5.49787
5.19811
5.19811
3.98603
3.98603
4.59886
4.59886
3.98602
3.98602
3.98602
3.98602
3.98601
3.98601
3.98601
3.98601
3.98601
3.98601
6.98772
6.98772
3.98599
3.98599
6.98769
6.98769
3.98597
3.98597
6.98766
6.98766
3.98595
3.98595
6.37208
6.37208
3.98593
3.98593
6.09447
6.09447
3.98592
3.98592
5.79785
5.79785
3.9859
3.9859
5.49784
5.49784
5.19809
5.19809
5.19808
5.19808
4.89511
4.89511
6.69316
6.69316
4.89508
4.89508
4.29896
4.29896
6.69314
6.69314
4.29894
4.29894
6.69311
6.69311
4.29892
4.29892
6.37205
6.37205
4.29889
4.29889
3.98585
3.98585
6.37201
6.37201
3.98583
3.98583
5.79782
5.79782
3.98582
3.98582
5.49783
5.49783
3.98581
3.98581
5.49781
5.49781
3.98579
3.98579
5.19806
5.19806
3.98578
3.98578
4.89506
4.89506
3.98577
3.98577
4.89504
4.89504
3.98577
3.98577
4.59879
4.59879
3.98577
3.98577
4.59877
4.59877
3.98577
3.98577
6.0944
6.0944
3.98575
3.98575
6.09437
6.09437
3.98573
3.98573
5.79779
5.79779
3.98572
3.98572
5.49779
5.49779
3.9857
3.9857
5.49776
5.49776
3.9857
3.9857
5.49774
5.49774
3.9857
3.9857
5.19803
5.19803
3.9857
3.9857
4.89502
4.89502
3.98569
3.98569
4.895
4.895
3.98568
3.98568
4.59876
4.59876
3.98567
3.98567
5.79776
5.79776
3.98565
3.98565
5.79774
5.79774
3.98564
3.98564
5.79771
5.79771
3.98562
3.98562
5.79768
5.79768
3.9856
3.9856
5.79765
5.79765
3.9856
3.9856
5.19799
5.19799
3.98558
3.98558
5.19797
5.19797
3.98557
3.98557
5.19795
5.19795
3.98557
3.98557
5.19793
5.19793
3.98556
3.98556
6.0943
6.0943
3.98555
3.98555
6.09427
6.09427
3.98553
3.98553
6.09424
6.09424
3.98551
3.98551
5.49773
5.49773
3.98549
3.98549
5.49771
5.49771
3.98548
3.98548
5.49768
5.49768
3.98546
3.98546
5.49765
5.49765
3.98546
3.98546
5.49763
5.49763
3.98545
3.98545
6.37194
6.37194
3.98544
3.98544
6.37191
6.37191
3.98541
3.98541
6.37187
6.37187
3.9854
3.9854
5.79764
5.79764
3.98538
3.98538
5.79761
5.79761
3.98536
3.98536
5.79759
5.79759
3.98534
3.98534
5.79756
5.79756
3.98534
3.98534
5.79753
5.79753
3.98534
3.98534
6.69286
6.69286
3.98532
3.98532
6.69282
6.69282
3.9853
3.9853
6.69278
6.69278
3.98527
3.98527
6.09419
6.09419
3.98525
3.98525
6.09416
6.09416
3.98523
3.98523
6.09413
6.09413
3.98521
3.98521
6.0941
6.0941
3.98519
3.98519
6.09407
6.09407
3.98518
3.98518
3.98517
3.98517
3.98517
3.98517
3.98517
3.98517
3.98517
3.98517
3.98516
3.98516
6.09395
6.09395
3.98514
3.98514
6.09392
6.09392
3.98512
3.98512
6.09389
6.09389
3.98511
3.98511
6.09386
6.09386
3.98509
3.98509
6.09383
6.09383
3.98507
3.98507
6.0938
6.0938
3.98505
3.98505
3.98505
3.98505
3.98504
3.98504
3.98504
3.98504
3.98504
3.98504
6.0937
6.0937
3.98502
3.98502
6.09367
6.09367
3.985
3.985
6.09364
6.09364
3.98498
3.98498
6.09361
6.09361
3.98496
3.98496
6.09358
6.09358
3.98494
3.98494
6.09355
6.09355
3.98492
3.98492
3.98492
3.98492
3.98492
3.98492
3.98492
3.98492
6.09347
6.09347
3.9849
3.9849
6.09345
6.09345
3.98488
3.98488
6.09342
6.09342
3.98486
3.98486
6.09339
6.09339
3.98484
3.98484
6.09336
6.09336
3.98482
3.98482
6.09333
6.09333
3.9848
3.9848
6.0933
6.0933
3.98479
3.98479
6.09327
6.09327
3.98477
3.98477
6.09324
6.09324
3.98475
3.98475
3.98475
3.98475
6.08924
6.08924
3.98224
3.98224
6.08921
6.08921
3.98222
3.98222
6.08918
6.08918
6.08918
6.08918
6.08924
6.08924
3.98224
3.98224
6.08921
6.08921
3.98222
3.98222
6.08918
6.08918
3.9822
3.9822
6.08915
6.08915
3.98218
3.98218
6.08912
6.08912
3.98217
3.98217
6.08909
6.08909
3.98215
3.98215
6.08906
6.08906
3.98213
3.98213
6.08903
6.08903
3.98211
3.98211
6.08901
6.08901
3.98209
3.98209
6.08898
6.08898
3.98208
3.98208
6.08895
6.08895
3.98206
3.98206
6.08892
6.08892
3.98204
3.98204
6.08889
6.08889
3.98202
3.98202
6.08886
6.08886
3.982
3.982
6.08883
6.08883
3.98198
3.98198
6.0888
6.0888
3.98197
3.98197
6.08877
6.08877
3.98195
3.98195
6.08874
6.08874
3.98193
3.98193
6.08871
6.08871
3.98191
3.98191
6.08869
6.08869
3.98189
3.98189
6.08866
6.08866
3.98188
3.98188
6.08863
6.08863
3.98186
3.98186
6.0886
6.0886
3.98184
3.98184
6.08857
6.08857
3.98182
3.98182
6.08854
6.08854
3.9818
3.9818
6.08851
6.08851
3.98178
3.98178
6.08848
6.08848
3.98177
3.98177
6.08845
6.08845
3.98175
3.98175
6.08842
6.08842
3.98173
3.98173
6.08839
6.08839
3.98171
3.98171
6.08837
6.08837
3.98169
3.98169
6.08834
6.08834
3.98167
3.98167
6.08831
6.08831
3.98166
3.98166
6.08828
6.08828
3.98164
3.98164
6.08825
6.08825
3.98162
3.98162
6.08822
6.08822
3.9816
3.9816
6.08819
6.08819
3.98158
3.98158
6.08816
6.08816
3.98156
3.98156
6.08813
6.08813
3.98155
3.98155
6.0881
6.0881
3.98153
3.98153
6.08807
6.08807
3.98151
3.98151
6.08804
6.08804
3.98149
3.98149
6.08801
6.08801
3.98147
3.98147
6.08799
6.08799
3.98145
3.98145
6.08795
6.08795
3.98144
3.98144
6.08793
6.08793
3.98142
3.98142
6.0879
6.0879
3.9814
3.9814
6.08787
6.08787
3.98138
3.98138
6.08784
6.08784
3.98136
3.98136
6.08781
6.08781
3.98134
3.98134
6.08778
6.08778
3.98133
3.98133
6.08775
6.08775
3.98131
3.98131
6.08772
6.08772
3.98129
3.98129
6.08769
6.08769
3.98127
3.98127
6.08766
6.08766
3.98125
3.98125
6.08763
6.08763
3.98123
3.98123
6.0876
6.0876
3.98122
3.98122
6.08758
6.08758
3.9812
3.9812
6.08755
6.08755
3.98118
3.98118
6.08752
6.08752
3.98116
3.98116
6.08749
6.08749
3.98114
3.98114
6.08746
6.08746
3.98112
3.98112
6.08743
6.08743
3.98111
3.98111
6.0874
6.0874
3.98109
3.98109
6.08737
6.08737
3.98107
3.98107
6.08734
6.08734
3.98105
3.98105
6.08731
6.08731
3.98103
3.98103
6.08728
6.08728
3.98101
3.98101
6.08725
6.08725
3.981
3.981
6.08723
6.08723
3.98098
3.98098
6.0872
6.0872
3.98096
3.98096
6.08717
6.08717
3.98094
3.98094
6.08714
6.08714
3.98092
3.98092
6.08711
6.08711
3.9809
3.9809
6.08708
6.08708
3.98089
3.98089
6.08705
6.08705
3.98087
3.98087
6.08702
6.08702
3.98085
3.98085
6.08699
6.08699
3.98083
3.98083
6.08696
6.08696
3.98081
3.98081
6.08693
6.08693
3.98079
3.98079
6.08691
6.08691
3.98078
3.98078
6.08688
6.08688
3.98076
3.98076
6.08685
6.08685
3.98074
3.98074
6.08682
6.08682
3.98072
3.98072
6.08679
6.08679
3.9807
3.9807
6.08676
6.08676
3.98068
3.98068
6.08673
6.08673
3.98067
3.98067
6.0867
6.0867
3.98065
3.98065
6.08667
6.08667
3.98063
3.98063
6.08664
6.08664
3.98061
3.98061
6.08661
6.08661
3.98059
3.98059
6.08658
6.08658
3.98057
3.98057
6.08656
6.08656
3.98056
3.98056
6.08653
6.08653
3.98054
3.98054
6.0865
6.0865
3.98052
3.98052
6.08647
6.08647
3.9805
3.9805
6.08644
6.08644
3.98048
3.98048
6.08641
6.08641
3.98046
3.98046
6.08638
6.08638
3.98045
3.98045
6.08635
6.08635
3.98043
3.98043
6.08632
6.08632
3.98041
3.98041
6.08629
6.08629
3.98039
3.98039
6.08626
6.08626
3.98037
3.98037
6.08624
6.08624
3.98035
3.98035
6.08621
6.08621
3.98034
3.98034
6.08618
6.08618
3.98032
3.98032
6.08615
6.08615
3.9803
3.9803
6.08612
6.08612
3.98028
3.98028
6.08609
6.08609
3.98026
3.98026
6.08606
6.08606
3.98025
3.98025
6.08603
6.08603
3.98023
3.98023
6.086
6.086
3.98021
3.98021
6.08597
6.08597
3.98019
3.98019
6.08594
6.08594
3.98017
3.98017
6.08591
6.08591
3.98015
3.98015
6.08589
6.08589
3.98014
3.98014
6.08586
6.08586
3.98012
3.98012
6.08583
6.08583
3.9801
3.9801
6.0858
6.0858
3.98008
3.98008
6.08577
6.08577
3.98006
3.98006
6.08574
6.08574
3.98005
3.98005
6.08571
6.08571
3.98003
3.98003
6.08568
6.08568
3.98001
3.98001
6.08565
6.08565
3.97999
3.97999
6.08562
6.08562
3.97997
3.97997
6.08559
6.08559
3.97995
3.97995
6.08556
6.08556
3.97993
3.97993
6.08554
6.08554
3.97992
3.97992
6.08551
6.08551
3.9799
3.9799
6.08548
6.08548
3.97988
3.97988
6.08545
6.08545
3.97986
3.97986
6.08542
6.08542
3.97984
3.97984
6.08539
6.08539
3.97983
3.97983
6.08536
6.08536
3.97981
3.97981
6.08533
6.08533
3.97979
3.97979
6.0853
6.0853
3.97977
3.97977
6.08527
6.08527
3.97975
3.97975
6.08524
6.08524
3.97973
3.97973
6.08521
6.08521
3.97972
3.97972
6.08519
6.08519
3.9797
3.9797
6.08516
6.08516
3.97968
3.97968
6.08513
6.08513
3.97966
3.97966
6.0851
6.0851
3.97964
3.97964
6.08507
6.08507
3.97962
3.97962
6.08504
6.08504
3.97961
3.97961
6.08501
6.08501
3.97959
3.97959
6.08498
6.08498
3.97957
3.97957
6.08495
6.08495
3.97955
3.97955
6.08492
6.08492
3.97953
3.97953
6.08489
6.08489
3.97952
3.97952
6.08486
6.08486
3.9795
3.9795
6.08484
6.08484
3.97948
3.97948
6.08481
6.08481
3.97946
3.97946
6.08478
6.08478
3.97944
3.97944
6.08475
6.08475
3.97942
3.97942
6.08472
6.08472
3.97941
3.97941
