5.00484
5.00484
5.00484
5.00484
5.00484
5.00484
4.99557
4.99557
5.00728
5.00728
5.00142
5.00142
4.9941
4.9941
4.99752
4.99752
4.9985
4.9985
4.9985
4.9985
4.99801
4.99801
5.00338
5.00338
5.00679
5.00679
5.00582
5.00582
5.00094
5.00094
4.99801
4.99801
5.00874
5.00874
5.00533
5.00533
4.99557
4.99557
5.00289
5.00289
4.99313
4.99313
5.00289
5.00289
4.99215
4.99215
4.99362
4.99362
5.00923
5.00923
4.98971
4.98971
4.99313
4.99313
4.99752
4.99752
5.00289
5.00289
4.99752
4.99752
4.99557
4.99557
4.98971
4.98971
5.00338
5.00338
4.99801
4.99801
4.99996
4.99996
4.99654
4.99654
4.99606
4.99606
5.00289
5.00289
4.99996
4.99996
4.99801
4.99801
5.00094
5.00094
5.00874
5.00874
5.0063
5.0063
4.99118
4.99118
4.97751
4.97751
4.99606
4.99606
5.03217
5.03217
4.97946
4.97946
5.00533
5.00533
5.00728
5.00728
4.99801
4.99801
4.98093
4.98093
4.99752
4.99752
5.01899
5.01899
4.99654
4.99654
5.0024
5.0024
5.00142
5.00142
5.00923
5.00923
5.00191
5.00191
5.00338
5.00338
4.99947
4.99947
4.9941
4.9941
4.99557
4.99557
4.98581
4.98581
5.00533
5.00533
4.99801
4.99801
4.99898
4.99898
4.99606
4.99606
5.00191
5.00191
4.9941
4.9941
5.00386
5.00386
5.0024
5.0024
5.00484
5.00484
4.99801
4.99801
5.00094
5.00094
5.00338
5.00338
4.99215
4.99215
4.99654
4.99654
4.99801
4.99801
5.00386
5.00386
4.99264
4.99264
4.99801
4.99801
5.01802
5.01802
4.9985
4.9985
5.01314
5.01314
4.9985
4.9985
5.00386
5.00386
5.00338
5.00338
4.99264
4.99264
4.99752
4.99752
5.00777
5.00777
5.00679
5.00679
4.99703
4.99703
4.99508
4.99508
5.00777
5.00777
5.00386
5.00386
4.99996
4.99996
4.99752
4.99752
5.00386
5.00386
5.00679
5.00679
4.99898
4.99898
4.99996
4.99996
5.00094
5.00094
4.99264
4.99264
4.99898
4.99898
5.00386
5.00386
4.97312
4.97312
5.02192
5.02192
4.96092
4.96092
5.0185
5.0185
4.97068
4.97068
5.03461
5.03461
4.9863
4.9863
4.99801
4.99801
4.99752
4.99752
5.0107
5.0107
4.98678
4.98678
4.98874
4.98874
5.00045
5.00045
4.99508
4.99508
4.99752
4.99752
4.99459
4.99459
4.99703
4.99703
5.01265
5.01265
4.98825
4.98825
4.99508
4.99508
5.00045
5.00045
5.01606
5.01606
4.99508
4.99508
5.00094
5.00094
4.99606
4.99606
4.99947
4.99947
5.00679
5.00679
4.98874
4.98874
4.98386
4.98386
4.98044
4.98044
5.00094
5.00094
4.99703
4.99703
5.00289
5.00289
5.01118
5.01118
5.00338
5.00338
4.99264
4.99264
5.01021
5.01021
4.99703
4.99703
4.99215
4.99215
4.99606
4.99606
5.00094
5.00094
4.99508
4.99508
4.99166
4.99166
4.9941
4.9941
5.0229
5.0229
5.00679
5.00679
4.99069
4.99069
5.00289
5.00289
5.01704
5.01704
4.99898
4.99898
4.99215
4.99215
5.01021
5.01021
5.01118
5.01118
4.99703
4.99703
4.99801
4.99801
5.00094
5.00094
5.00484
5.00484
5.00289
5.00289
5.00289
5.00289
5.00728
5.00728
5.00386
5.00386
4.9985
4.9985
5.00435
5.00435
4.99215
4.99215
4.99752
4.99752
4.9902
4.9902
4.99362
4.99362
4.99264
4.99264
4.99557
4.99557
5.00338
5.00338
4.9658
4.9658
5.0307
5.0307
4.97361
4.97361
5.03461
5.03461
5.00386
5.00386
5.02778
5.02778
5.01167
5.01167
5.0063
5.0063
4.98922
4.98922
4.99752
4.99752
5.00484
5.00484
4.9902
4.9902
5.00679
5.00679
5.00094
5.00094
5.01021
5.01021
4.98825
4.98825
5.00679
5.00679
5.0063
5.0063
4.99264
4.99264
5.0107
5.0107
4.98825
4.98825
5.0146
5.0146
4.99118
4.99118
4.98874
4.98874
5.01509
5.01509
4.99654
4.99654
4.97946
4.97946
5.0024
5.0024
4.98581
4.98581
5.01606
5.01606
4.97751
4.97751
5.00972
5.00972
5.02241
5.02241
4.99557
4.99557
4.9741
4.9741
5.00582
5.00582
5.0063
5.0063
4.98874
4.98874
4.99898
4.99898
5.00289
5.00289
4.99362
4.99362
5.59386
5.59386
9.004
9.004
7.90551
7.90551
2.71954
2.71954
5.67047
5.67047
7.87184
7.87184
4.22941
4.22941
4.1079
4.1079
6.18824
6.18824
3.35833
3.35833
3.02356
3.02356
4.11668
4.11668
3.51693
3.51693
3.60233
3.60233
4.02396
4.02396
4.43486
4.43486
3.64576
3.64576
5.3196
5.3196
5.03461
5.03461
5.07267
5.07267
4.68227
4.68227
5.54554
5.54554
5.2625
5.2625
5.64802
5.64802
5.18345
5.18345
5.20297
5.20297
4.74669
4.74669
4.43486
4.43486
5.0024
5.0024
4.78182
4.78182
5.18003
5.18003
3.61599
3.61599
4.63542
4.63542
4.70814
4.70814
5.08585
5.08585
4.4251
4.4251
5.12782
5.12782
5.34498
5.34498
4.94042
4.94042
4.70814
4.70814
4.8277
4.8277
5.65193
5.65193
5.41183
5.41183
5.67779
5.67779
5.07804
5.07804
5.28544
5.28544
5.0185
5.0185
4.61932
4.61932
4.91358
4.91358
4.83502
4.83502
5.20931
5.20931
4.71741
4.71741
4.78329
4.78329
4.62518
4.62518
4.9697
4.9697
4.95214
4.95214
5.03754
5.03754
5.0268
5.0268
5.02387
5.02387
4.89358
4.89358
5.1283
5.1283
5.28398
5.28398
5.04046
5.04046
5.36303
5.36303
5.17076
5.17076
5.72464
5.72464
5.04242
5.04242
5.33766
5.33766
4.77109
4.77109
4.93115
4.93115
5.06486
5.06486
5.05901
5.05901
5.03851
5.03851
4.90236
4.90236
5.01167
5.01167
4.75694
4.75694
4.7545
4.7545
4.87503
4.87503
5.12342
5.12342
5.04583
5.04583
5.04193
5.04193
4.81306
4.81306
5.02143
5.02143
4.98825
4.98825
5.12782
5.12782
4.95116
4.95116
5.03314
5.03314
4.98337
4.98337
5.37865
5.37865
5.18833
5.18833
5.33326
5.33326
5.06486
5.06486
5.08926
5.08926
4.88235
4.88235
4.79402
4.79402
5.06779
5.06779
5.07658
5.07658
5.06145
5.06145
4.75742
4.75742
4.89406
4.89406
4.94823
4.94823
4.96873
4.96873
4.77255
4.77255
4.77402
4.77402
4.8721
4.8721
4.98483
4.98483
5.0351
5.0351
4.87991
4.87991
4.95458
4.95458
4.9331
4.9331
4.95116
4.95116
4.96531
4.96531
5.04632
5.04632
5.07121
5.07121
5.0024
5.0024
4.93066
4.93066
4.94189
4.94189
5.16246
5.16246
5.15319
5.15319
5.18589
5.18589
5.04437
5.04437
5.08634
5.08634
4.85063
4.85063
4.97654
4.97654
4.93457
4.93457
4.97605
4.97605
4.92725
4.92725
4.9697
4.9697
4.94286
4.94286
4.93798
4.93798
4.96434
4.96434
4.96092
4.96092
4.94628
4.94628
4.93164
4.93164
4.93115
4.93115
4.94286
4.94286
4.9697
4.9697
4.92432
4.92432
4.99654
4.99654
4.96678
4.96678
4.97458
4.97458
4.9863
4.9863
4.97849
4.97849
4.96873
4.96873
4.94823
4.94823
4.99069
4.99069
5.00728
5.00728
5.01948
5.01948
4.97751
4.97751
5.01997
5.01997
5.01509
5.01509
5.00582
5.00582
5.00826
5.00826
5.01509
5.01509
5.07462
5.07462
5.03558
5.03558
5.0351
5.0351
5.0146
5.0146
4.95946
4.95946
5.0268
5.0268
4.9819
4.9819
4.9619
4.9619
4.98239
4.98239
5.02729
5.02729
4.96336
4.96336
5.00142
5.00142
4.98727
4.98727
4.97898
4.97898
5.00289
5.00289
4.99362
4.99362
4.95604
4.95604
4.99264
4.99264
5.0063
5.0063
4.95506
4.95506
4.96482
4.96482
4.9902
4.9902
4.98971
4.98971
4.97605
4.97605
4.97312
4.97312
4.98727
4.98727
4.98044
4.98044
4.99459
4.99459
4.99606
4.99606
5.01118
5.01118
4.99654
4.99654
4.95897
4.95897
5.01997
5.01997
5.00191
5.00191
4.99362
4.99362
4.99996
4.99996
5.01753
5.01753
5.01411
5.01411
4.9902
4.9902
5.00289
5.00289
4.97458
4.97458
4.98874
4.98874
4.98971
4.98971
5.00289
5.00289
4.98044
4.98044
4.98093
4.98093
4.99118
4.99118
5.01509
5.01509
4.98386
4.98386
4.98093
4.98093
4.97458
4.97458
5.00874
5.00874
4.9863
4.9863
5.08975
5.08975
5.00386
5.00386
4.98825
4.98825
4.98142
4.98142
5.0024
5.0024
5.00582
5.00582
4.97019
4.97019
4.99703
4.99703
4.99703
4.99703
4.99703
4.99703
5.00679
5.00679
4.96531
4.96531
4.94921
4.94921
5.01997
5.01997
4.99362
4.99362
4.99362
4.99362
5.00679
5.00679
4.96531
4.96531
4.94921
4.94921
5.01997
5.01997
4.99362
4.99362
4.86137
4.86137
4.9741
4.9741
4.98093
4.98093
4.98337
4.98337
4.98239
4.98239
5.00972
5.00972
4.98142
4.98142
4.978
4.978
5.00094
5.00094
5.0024
5.0024
4.97995
4.97995
5.00435
5.00435
5.00874
5.00874
4.99752
4.99752
4.97556
4.97556
5.0024
5.0024
4.9741
4.9741
4.99508
4.99508
4.99118
4.99118
4.97556
4.97556
4.97117
4.97117
5.0229
5.0229
5.00777
5.00777
4.99752
4.99752
4.9741
4.9741
4.98288
4.98288
4.98874
4.98874
4.98288
4.98288
4.98386
4.98386
4.99996
4.99996
4.99313
4.99313
4.97117
4.97117
5.00435
5.00435
4.96678
4.96678
4.9941
4.9941
4.9941
4.9941
4.97166
4.97166
4.99508
4.99508
5.00045
5.00045
4.97995
4.97995
5.00142
5.00142
4.98142
4.98142
4.97702
4.97702
5.00484
5.00484
4.97898
4.97898
4.9902
4.9902
4.99459
4.99459
4.97849
4.97849
5.00045
5.00045
4.98483
4.98483
5.00923
5.00923
5.02631
5.02631
4.94628
4.94628
4.99703
4.99703
4.98337
4.98337
4.98874
4.98874
4.99654
4.99654
4.97605
4.97605
4.97898
4.97898
5.0107
5.0107
4.99801
4.99801
4.96141
4.96141
4.9902
4.9902
4.99362
4.99362
4.97605
4.97605
4.9941
4.9941
4.98093
4.98093
