3.98855
3.98855
3.98855
3.98855
3.98855
3.98855
3.98855
3.98855
3.98855
3.98855
3.98855
3.98855
3.98855
3.98855
3.98855
3.98855
3.98855
3.98855
3.98855
3.98855
3.98855
3.98855
3.98855
3.98855
3.98855
3.98855
3.98855
3.98855
3.98855
3.98855
3.98855
3.98855
3.98855
3.98855
3.98855
3.98855
3.98855
3.98855
3.98855
3.98855
3.98855
3.98855
3.98855
3.98855
3.98855
3.98855
3.98855
3.98855
3.98855
3.98855
3.98855
3.98855
3.98855
3.98855
3.98855
3.98855
3.98855
3.98855
3.98855
3.98855
3.98855
3.98855
3.98855
3.98855
3.98855
3.98855
3.98855
3.98855
3.98855
3.98855
3.98855
3.98855
3.98855
3.98855
3.98855
3.98855
3.98855
3.98855
3.98855
3.98855
3.98855
3.98855
3.98855
3.98855
3.98855
3.98855
3.98855
3.98855
3.98855
3.98855
3.98855
3.98855
3.98855
3.98855
3.98855
3.98855
3.98855
3.98855
3.98855
3.98855
3.98855
3.98855
3.98855
3.98855
3.98855
3.98855
3.98855
3.98855
3.98855
3.98855
3.98855
3.98855
3.98855
3.98855
3.98855
3.98855
3.98855
3.98855
3.98855
3.98855
3.98855
3.98855
3.98855
3.98855
3.98855
3.98855
3.98855
3.98855
3.98855
3.98855
3.98855
3.98855
3.98855
3.98855
3.98855
3.98855
3.98855
3.98855
3.98855
3.98855
3.98855
3.98855
3.98855
3.98855
3.98855
3.98855
3.98855
3.98855
3.98855
3.98855
3.98855
3.98855
3.98855
3.98855
3.98855
3.98855
3.98855
3.98855
3.98855
3.98855
3.98855
3.98855
3.98855
3.98855
3.98855
3.98855
3.98855
3.98855
3.98855
3.98855
3.98855
3.98855
3.98855
3.98855
3.98855
3.98855
3.98855
3.98855
3.98855
3.98855
3.98855
3.98855
3.98855
3.98855
3.98855
3.98855
3.98855
3.98855
3.98855
3.98855
3.98855
3.98855
3.98855
3.98855
3.98855
3.98855
3.98855
3.98855
3.98855
3.98855
3.98855
3.98855
3.98855
3.98855
3.98855
3.98855
3.98855
3.98855
3.98855
3.98855
3.98855
3.98855
3.98855
3.98855
3.98855
3.98855
3.98855
3.98855
3.98855
3.98855
3.98855
3.98855
3.98855
3.98855
3.98855
3.98855
3.98855
3.98855
3.98855
3.98855
3.98855
3.98855
3.98855
3.98855
3.98855
3.98855
3.98855
3.98855
3.98855
3.98855
3.98855
3.98855
3.98855
3.98855
3.98855
3.98855
3.98855
3.98855
3.98855
3.98855
3.98855
3.98855
3.98855
3.98855
3.98855
3.98855
3.98855
3.98855
3.98855
3.98855
3.98855
3.98855
3.98855
3.98855
3.98855
3.98855
3.98855
3.98855
3.98855
3.98855
3.98855
3.98855
3.98855
3.98855
3.98855
3.98855
3.98855
3.98855
3.98855
3.98855
3.98855
3.98855
3.98855
3.98855
3.98855
3.98855
3.98855
3.98855
3.98855
3.98855
3.98855
3.98855
3.98855
3.98855
3.98855
3.98855
3.98855
3.98855
3.98855
3.98855
3.98855
3.98855
3.98855
3.98855
3.98855
3.98855
3.98855
3.98855
3.98855
3.98855
3.98855
3.98855
3.98855
3.98855
3.98855
3.98855
3.98855
3.98855
3.98855
3.98855
3.98855
3.98855
3.98855
3.98855
3.98855
3.98855
3.98855
3.98855
3.98855
3.98855
3.98855
3.98855
3.98855
3.98855
3.98855
3.98855
3.98855
3.98855
3.98855
3.98855
3.98855
3.98855
3.98855
3.98855
3.98855
3.98855
3.98855
3.98855
3.98855
3.98855
3.98855
3.98855
3.98855
3.98855
3.98855
3.98855
3.98855
3.98855
3.98855
3.98855
3.98855
3.98855
3.98855
3.98855
3.98855
3.98855
3.98855
3.98855
3.98855
3.98855
3.98855
3.98855
3.98855
3.98855
3.98855
3.98855
3.98855
3.98855
3.98855
3.98855
3.98855
3.98855
3.98855
3.98855
3.98855
3.98855
3.98855
3.98855
3.98855
3.98855
3.98855
3.98855
3.98855
3.98855
3.98855
3.98855
3.98855
3.98855
3.98855
3.98855
3.98855
3.98855
3.98855
3.98855
3.98855
3.98855
3.98855
3.98855
3.98855
3.98855
3.98855
3.98855
3.98855
3.98855
3.98855
3.98855
3.98855
3.98855
3.98855
3.98855
3.98855
3.98855
3.98855
3.98855
3.98855
3.98855
3.98855
3.98855
3.98855
3.98855
3.98855
3.98855
3.98855
3.98855
3.98855
3.98855
3.98855
3.98855
3.98855
3.98855
3.98855
3.98855
3.98855
3.98855
3.98855
3.98855
3.98855
3.98855
3.98855
3.98855
3.98855
3.98855
3.98855
3.98855
3.98855
3.98855
3.98855
3.98855
3.98855
3.98855
3.98855
3.98855
6.9882
6.9882
3.98855
3.98855
6.98819
6.98819
3.98854
3.98854
6.98816
6.98816
6.69381
6.69381
6.09498
6.09498
5.79843
5.79843
5.4983
5.4983
5.19855
5.19855
4.89896
4.89896
4.59905
4.59905
4.29908
4.29908
3.9885
3.9885
3.9885
3.9885
3.9885
3.9885
6.98815
6.98815
3.98848
3.98848
6.98813
6.98813
3.98846
3.98846
6.9881
6.9881
3.98844
3.98844
6.38294
6.38294
3.98842
3.98842
6.09494
6.09494
3.98841
3.98841
5.79838
5.79838
5.49826
5.49826
5.49824
5.49824
5.19851
5.19851
5.1985
5.1985
4.89893
4.89893
6.98808
6.98808
4.59903
4.59903
6.98804
6.98804
4.29905
4.29905
6.98801
6.98801
3.98833
3.98833
6.38291
6.38291
3.98831
3.98831
6.38288
6.38288
3.98829
3.98829
6.09489
6.09489
3.98827
3.98827
5.79836
5.79836
3.98825
3.98825
5.49823
5.49823
3.98824
3.98824
5.19847
5.19847
3.98822
3.98822
5.19844
5.19844
3.98822
3.98822
4.89888
4.89888
3.98822
3.98822
4.59899
4.59899
3.98821
3.98821
6.38284
6.38284
3.98819
3.98819
6.09486
6.09486
3.98818
3.98818
5.79833
5.79833
3.98816
3.98816
5.79831
5.79831
3.98814
3.98814
5.49821
5.49821
3.98813
3.98813
5.49818
5.49818
3.98813
3.98813
5.19842
5.19842
3.98812
3.98812
5.1984
5.1984
3.98812
3.98812
4.89886
4.89886
3.98811
3.98811
4.59897
4.59897
3.98811
3.98811
3.9881
3.9881
6.98799
6.98799
3.98808
3.98808
5.79827
5.79827
3.98807
3.98807
5.49817
5.49817
3.98805
3.98805
5.49815
5.49815
3.98803
3.98803
5.49812
5.49812
3.98802
3.98802
5.19838
5.19838
3.988
3.988
5.19836
5.19836
3.98799
3.98799
4.89884
4.89884
3.98798
3.98798
4.89882
4.89882
3.98797
3.98797
3.98796
3.98796
3.98796
3.98796
3.98796
3.98796
3.98796
3.98796
3.98796
3.98796
3.98795
3.98795
3.98795
3.98795
3.98795
3.98795
3.98795
3.98795
3.98794
3.98794
3.98794
3.98794
3.98794
3.98794
3.98794
3.98794
3.98793
3.98793
3.98793
3.98793
3.98793
3.98793
3.98793
3.98793
3.98792
3.98792
3.98792
3.98792
3.98792
3.98792
3.98792
3.98792
3.98791
3.98791
3.98791
3.98791
3.98791
3.98791
3.98791
3.98791
3.9879
3.9879
3.9879
3.9879
3.9879
3.9879
3.9879
3.9879
3.9879
3.9879
3.98789
3.98789
3.98789
3.98789
3.98789
3.98789
3.98789
3.98789
3.98788
3.98788
3.98788
3.98788
3.98788
3.98788
3.98788
3.98788
3.98787
3.98787
3.98787
3.98787
3.98787
3.98787
3.98787
3.98787
3.98786
3.98786
3.98786
3.98786
3.98786
3.98786
3.98786
3.98786
3.98785
3.98785
3.98785
3.98785
3.98785
3.98785
3.98785
3.98785
3.98784
3.98784
3.98784
3.98784
3.98784
3.98784
3.98784
3.98784
3.98783
3.98783
3.98783
3.98783
3.98783
3.98783
3.98783
3.98783
3.98782
3.98782
3.98782
3.98782
3.98782
3.98782
3.98782
3.98782
3.98782
3.98782
3.98781
3.98781
3.98781
3.98781
3.98781
3.98781
3.98781
3.98781
3.9878
3.9878
3.9878
3.9878
3.9878
3.9878
3.9878
3.9878
3.98779
3.98779
3.98779
3.98779
3.98779
3.98779
3.98779
3.98779
3.98778
3.98778
3.98778
3.98778
3.98778
3.98778
3.98778
3.98778
3.98777
3.98777
3.98777
3.98777
3.98777
3.98777
3.98777
3.98777
3.98776
3.98776
3.98776
3.98776
3.98776
3.98776
3.98776
3.98776
3.98775
3.98775
3.98775
3.98775
3.98775
3.98775
3.98775
3.98775
3.98774
3.98774
3.98774
3.98774
3.98774
3.98774
3.98774
3.98774
3.98773
3.98773
3.98773
3.98773
3.98773
3.98773
3.98773
3.98773
3.98773
3.98773
3.98772
3.98772
3.98772
3.98772
3.98772
3.98772
3.98772
3.98772
3.98772
3.98772
3.98772
3.98772
3.98772
3.98772
3.98772
3.98772
3.98752
3.98752
3.98752
3.98752
3.98752
3.98752
3.98752
3.98752
3.98752
3.98752
3.98752
3.98752
3.98752
3.98752
3.98752
3.98752
3.98752
3.98752
3.98752
3.98752
3.98752
3.98752
3.98752
3.98752
3.98752
3.98752
3.98752
3.98752
3.98752
3.98752
3.98752
3.98752
3.98752
3.98752
3.98751
3.98751
3.98751
3.98751
3.98751
3.98751
3.98751
3.98751
3.98751
3.98751
3.98751
3.98751
3.98751
3.98751
3.98751
3.98751
3.98751
3.98751
3.98751
3.98751
3.98751
3.98751
3.98751
3.98751
3.98751
3.98751
3.98751
3.98751
3.98751
3.98751
3.98751
3.98751
3.98751
3.98751
3.98751
3.98751
3.98751
3.98751
3.98751
3.98751
3.98751
3.98751
3.98751
3.98751
3.98751
3.98751
3.98751
3.98751
3.98751
3.98751
3.98751
3.98751
3.98751
3.98751
3.98751
3.98751
3.98751
3.98751
3.98751
3.98751
3.98751
3.98751
3.98751
3.98751
3.98751
3.98751
3.98751
3.98751
3.98751
3.98751
3.98751
3.98751
3.98751
3.98751
3.98751
3.98751
3.98751
3.98751
3.98751
3.98751
3.98751
3.98751
3.98751
3.98751
3.98751
3.98751
3.98751
3.98751
3.98751
3.98751
3.98751
3.98751
3.98751
3.98751
3.98751
3.98751
3.98751
3.98751
3.98751
3.98751
3.98751
3.98751
3.98751
3.98751
3.98751
3.98751
3.98751
3.98751
3.98751
3.98751
3.98751
3.98751
3.98751
3.98751
3.98751
3.98751
3.98751
3.98751
3.98751
3.98751
3.98751
3.98751
