6.95331e-310
6.95331e-310
6.95331e-310
6.95331e-310
6.95331e-310
6.95331e-310
4.1401
4.1401
4.1401
4.1401
4.14401
4.14401
4.12546
4.12546
4.13278
4.13278
4.14108
4.14108
4.13815
4.13815
4.14352
4.14352
4.13913
4.13913
4.12742
4.12742
4.14498
4.14498
4.12937
4.12937
4.13278
4.13278
4.14157
4.14157
4.13376
4.13376
4.14108
4.14108
4.13864
4.13864
4.13181
4.13181
4.13376
4.13376
4.13669
4.13669
4.1279
4.1279
4.14059
4.14059
4.13425
4.13425
4.12205
4.12205
4.1079
4.1079
4.1567
4.1567
4.13376
4.13376
4.16011
4.16011
4.15474
4.15474
4.15328
4.15328
4.12058
4.12058
4.13913
4.13913
4.15865
4.15865
4.13913
4.13913
4.11863
4.11863
4.1445
4.1445
4.12986
4.12986
4.13278
4.13278
4.15377
4.15377
4.12351
4.12351
4.13913
4.13913
4.11814
4.11814
4.13815
4.13815
4.1401
4.1401
4.13864
4.13864
4.13034
4.13034
4.15572
4.15572
4.1323
4.1323
4.12302
4.12302
4.14645
4.14645
4.13474
4.13474
4.12644
4.12644
4.14303
4.14303
4.13815
4.13815
4.1606
4.1606
4.13474
4.13474
4.13034
4.13034
4.12058
4.12058
4.14108
4.14108
4.14547
4.14547
4.13278
4.13278
4.13571
4.13571
4.13181
4.13181
4.1445
4.1445
4.13474
4.13474
4.13913
4.13913
4.12693
4.12693
4.12742
4.12742
4.14059
4.14059
4.12449
4.12449
4.13766
4.13766
4.15328
4.15328
4.12742
4.12742
4.12058
4.12058
4.14986
4.14986
4.13327
4.13327
4.13474
4.13474
4.1401
4.1401
4.1323
4.1323
4.14645
4.14645
4.14157
4.14157
4.12937
4.12937
4.14059
4.14059
4.1362
4.1362
4.12498
4.12498
4.1523
4.1523
4.13913
4.13913
4.13522
4.13522
4.14742
4.14742
4.13132
4.13132
4.13815
4.13815
4.12839
4.12839
4.12058
4.12058
4.13571
4.13571
4.15035
4.15035
4.14352
4.14352
4.14157
4.14157
4.13083
4.13083
4.12449
4.12449
4.13571
4.13571
4.13132
4.13132
4.1279
4.1279
4.14547
4.14547
4.1401
4.1401
4.14206
4.14206
4.15084
4.15084
4.14108
4.14108
4.14596
4.14596
4.14889
4.14889
4.13034
4.13034
4.14401
4.14401
4.13766
4.13766
4.13376
4.13376
4.1401
4.1401
4.13278
4.13278
4.13522
4.13522
4.13766
4.13766
4.13571
4.13571
4.13083
4.13083
4.15133
4.15133
4.12986
4.12986
4.12302
4.12302
4.17475
4.17475
4.13083
4.13083
4.11229
4.11229
4.1484
4.1484
4.14498
4.14498
4.1484
4.1484
4.13376
4.13376
4.124
4.124
4.1567
4.1567
4.14206
4.14206
4.1201
4.1201
4.13864
4.13864
4.14694
4.14694
4.1201
4.1201
4.12937
4.12937
4.13327
4.13327
4.13278
4.13278
4.14986
4.14986
4.13425
4.13425
4.12742
4.12742
4.13962
4.13962
4.13376
4.13376
4.12888
4.12888
4.13669
4.13669
4.13474
4.13474
4.14254
4.14254
4.15182
4.15182
4.12595
4.12595
4.14694
4.14694
4.1279
4.1279
4.12644
4.12644
4.14303
4.14303
4.13132
4.13132
4.12498
4.12498
4.14157
4.14157
4.12839
4.12839
4.12254
4.12254
4.13864
4.13864
4.1279
4.1279
4.124
4.124
4.1401
4.1401
4.13132
4.13132
4.14157
4.14157
4.13962
4.13962
4.12937
4.12937
4.12742
4.12742
4.14206
4.14206
4.13571
4.13571
4.13962
4.13962
4.14791
4.14791
4.13718
4.13718
4.14986
4.14986
4.13278
4.13278
4.12644
4.12644
4.14401
4.14401
4.13425
4.13425
4.12937
4.12937
4.14547
4.14547
4.13376
4.13376
4.12498
4.12498
4.14986
4.14986
4.13327
4.13327
4.12058
4.12058
4.14303
4.14303
4.12986
4.12986
4.12595
4.12595
4.15182
4.15182
4.12888
4.12888
4.11912
4.11912
4.14791
4.14791
4.12937
4.12937
4.1201
4.1201
4.13718
4.13718
4.13571
4.13571
4.13571
4.13571
4.14742
4.14742
4.13278
4.13278
4.14791
4.14791
4.14791
4.14791
4.13718
4.13718
4.11326
4.11326
4.16841
4.16841
4.12986
4.12986
4.16402
4.16402
4.12156
4.12156
4.11961
4.11961
4.14401
4.14401
4.14157
4.14157
4.12058
4.12058
4.13327
4.13327
4.13474
4.13474
4.12351
4.12351
4.60712
4.60712
4.63396
4.63396
5.60996
5.60996
5.56946
5.56946
4.1157
4.1157
4.59297
4.59297
3.56817
3.56817
4.24795
4.24795
4.37239
4.37239
2.86106
2.86106
4.02396
4.02396
4.00346
4.00346
4.66275
4.66275
4.34994
4.34994
3.87366
3.87366
3.67943
3.67943
3.22218
3.22218
2.85618
2.85618
3.49643
3.49643
3.69993
3.69993
3.80729
3.80729
3.8961
3.8961
4.01274
4.01274
3.97321
3.97321
3.88342
3.88342
3.82437
3.82437
3.64771
3.64771
3.50034
3.50034
3.64478
3.64478
3.88049
3.88049
4.22697
4.22697
4.25625
4.25625
4.26845
4.26845
3.49009
3.49009
3.54084
3.54084
3.66577
3.66577
3.67992
3.67992
4.60761
4.60761
4.19183
4.19183
4.2543
4.2543
4.34702
4.34702
3.78826
3.78826
4.14742
4.14742
3.89952
3.89952
3.66089
3.66089
3.77996
3.77996
4.17378
4.17378
4.23526
4.23526
4.36458
4.36458
4.21038
4.21038
4.40509
4.40509
4.0303
4.0303
3.93514
3.93514
3.76922
3.76922
4.47975
4.47975
4.27528
4.27528
4.51977
4.51977
4.18207
4.18207
4.56857
4.56857
4.39826
4.39826
4.17426
4.17426
3.63649
3.63649
4.28211
4.28211
4.25625
4.25625
4.46755
4.46755
4.69106
4.69106
4.55149
4.55149
4.76962
4.76962
4.31286
4.31286
4.11082
4.11082
4.21623
4.21623
4.17719
4.17719
4.32115
4.32115
4.36507
4.36507
4.62957
4.62957
4.61298
4.61298
4.51879
4.51879
4.29822
4.29822
4.30602
4.30602
4.13376
4.13376
4.20306
4.20306
4.01664
4.01664
4.35238
4.35238
4.55295
4.55295
4.4695
4.4695
4.58711
4.58711
4.3109
4.3109
4.02103
4.02103
4.0425
4.0425
4.19281
4.19281
4.0386
4.0386
4.21184
4.21184
4.26601
4.26601
4.3924
4.3924
4.26308
4.26308
4.37386
4.37386
4.18354
4.18354
3.6726
3.6726
3.92636
3.92636
4.07276
4.07276
4.27674
4.27674
4.31627
4.31627
4.30554
4.30554
4.10302
4.10302
4.14938
4.14938
4.08984
4.08984
3.92197
3.92197
3.94198
3.94198
4.03421
4.03421
3.99273
3.99273
4.11814
4.11814
4.23526
4.23526
4.20598
4.20598
4.03079
4.03079
3.89513
3.89513
3.82339
3.82339
3.74726
3.74726
4.11082
4.11082
4.1401
4.1401
4.07374
4.07374
4.05178
4.05178
4.06349
4.06349
4.18256
4.18256
3.85511
3.85511
3.5628
3.5628
3.86292
3.86292
3.941
3.941
4.06446
4.06446
4.17768
4.17768
4.35922
4.35922
4.15328
4.15328
4.04738
4.04738
3.83852
3.83852
4.00444
4.00444
3.94295
3.94295
3.90928
3.90928
4.17719
4.17719
4.14938
4.14938
4.10936
4.10936
4.03909
4.03909
4.13181
4.13181
4.0264
4.0264
4.03811
4.03811
3.89854
3.89854
4.09472
4.09472
4.12156
4.12156
4.26454
4.26454
4.23966
4.23966
4.14547
4.14547
4.09814
4.09814
4.08398
4.08398
4.10887
4.10887
4.08008
4.08008
4.14547
4.14547
4.2338
4.2338
4.3558
4.3558
4.26406
4.26406
4.1323
4.1323
4.08106
4.08106
4.07862
4.07862
4.17378
4.17378
4.14889
4.14889
4.27577
4.27577
4.23673
4.23673
4.25869
4.25869
4.2499
4.2499
4.20452
4.20452
4.13815
4.13815
4.17182
4.17182
4.1889
4.1889
4.18305
4.18305
4.20013
4.20013
4.28358
4.28358
4.13083
4.13083
4.18988
4.18988
4.2499
4.2499
4.26259
4.26259
4.3397
4.3397
4.25088
4.25088
4.18061
4.18061
4.16109
4.16109
4.25771
4.25771
4.20989
4.20989
4.16646
4.16646
4.19915
4.19915
4.24258
4.24258
4.07081
4.07081
4.17231
4.17231
4.19427
4.19427
4.04787
4.04787
4.2377
4.2377
4.19134
4.19134
4.18354
4.18354
4.2299
4.2299
4.1201
4.1201
3.9898
3.9898
4.21965
4.21965
4.28699
4.28699
4.10497
4.10497
4.02201
4.02201
4.1689
4.1689
4.16694
4.16694
4.02201
4.02201
4.19818
4.19818
4.22892
4.22892
3.9693
3.9693
4.0264
4.0264
4.20354
4.20354
4.06154
4.06154
4.09911
4.09911
4.00444
4.00444
4.12888
4.12888
4.10594
4.10594
3.97711
3.97711
3.97711
3.97711
3.97711
3.97711
4.13864
4.13864
4.08984
4.08984
4.12107
4.12107
4.12156
4.12156
4.11424
4.11424
4.11424
4.11424
4.13864
4.13864
4.08984
4.08984
4.12107
4.12107
4.12156
4.12156
4.11424
4.11424
4.11863
4.11863
4.1401
4.1401
4.17963
4.17963
4.14059
4.14059
4.07862
4.07862
4.13034
4.13034
4.14498
4.14498
4.15279
4.15279
4.0996
4.0996
4.13864
4.13864
4.12986
4.12986
4.15718
4.15718
4.10155
4.10155
4.15474
4.15474
4.11473
4.11473
4.1201
4.1201
4.11863
4.11863
4.10253
4.10253
4.13181
4.13181
4.17231
4.17231
4.11717
4.11717
4.20647
4.20647
4.15182
4.15182
4.13669
4.13669
4.13766
4.13766
4.12156
4.12156
4.12546
4.12546
4.17329
4.17329
4.12888
4.12888
4.13425
4.13425
4.11912
4.11912
4.17036
4.17036
4.1401
4.1401
4.11814
4.11814
4.13571
4.13571
4.15377
4.15377
4.1279
4.1279
4.10155
4.10155
4.13669
4.13669
4.15133
4.15133
4.15474
4.15474
4.12498
4.12498
4.11961
4.11961
4.14498
4.14498
4.1362
4.1362
4.13034
4.13034
4.13522
4.13522
4.15182
4.15182
4.13815
4.13815
4.11229
4.11229
4.14059
4.14059
4.16743
4.16743
4.1201
4.1201
4.12449
4.12449
4.12254
4.12254
4.15133
4.15133
