6.95331e-310
6.95331e-310
6.95331e-310
6.95331e-310
6.95331e-310
6.95331e-310
3.98782
3.98782
3.98782
3.98782
3.98782
3.98782
3.98782
3.98782
3.98782
3.98782
3.98782
3.98782
3.98782
3.98782
3.98782
3.98782
3.98782
3.98782
3.98782
3.98782
3.98782
3.98782
3.98782
3.98782
3.98782
3.98782
3.98782
3.98782
3.98782
3.98782
3.98782
3.98782
3.98782
3.98782
3.98782
3.98782
3.98782
3.98782
3.98782
3.98782
3.98782
3.98782
3.98782
3.98782
3.98782
3.98782
3.98782
3.98782
3.98782
3.98782
3.98782
3.98782
3.98782
3.98782
3.98782
3.98782
3.98782
3.98782
3.98782
3.98782
3.98782
3.98782
3.98782
3.98782
3.98782
3.98782
3.98782
3.98782
3.98782
3.98782
3.98782
3.98782
3.98782
3.98782
3.98782
3.98782
3.98782
3.98782
3.98782
3.98782
3.98782
3.98782
3.98782
3.98782
3.98782
3.98782
3.98782
3.98782
3.98782
3.98782
3.98782
3.98782
3.98782
3.98782
3.98782
3.98782
3.98782
3.98782
3.98782
3.98782
3.98782
3.98782
3.98782
3.98782
3.98782
3.98782
3.98782
3.98782
3.98782
3.98782
3.98782
3.98782
3.98782
3.98782
3.98782
3.98782
3.98782
3.98782
3.98782
3.98782
3.98782
3.98782
3.98782
3.98782
3.98782
3.98782
3.98782
3.98782
3.98782
3.98782
3.98782
3.98782
3.98782
3.98782
3.98782
3.98782
3.98782
3.98782
3.98782
3.98782
3.98782
3.98782
3.98782
3.98782
3.98782
3.98782
3.98782
3.98782
3.98782
3.98782
3.98782
3.98782
3.98782
3.98782
3.98782
3.98782
3.98782
3.98782
3.98782
3.98782
3.98782
3.98782
3.98782
3.98782
3.98782
3.98782
3.98782
3.98782
3.98782
3.98782
3.98782
3.98782
3.98782
3.98782
3.98782
3.98782
3.98782
3.98782
3.98782
3.98782
3.98782
3.98782
3.98782
3.98782
3.98782
3.98782
3.98782
3.98782
3.98782
3.98782
3.98782
3.98782
3.98782
3.98782
3.98782
3.98782
3.98782
3.98782
3.98782
3.98782
3.98782
3.98782
3.98782
3.98782
3.98782
3.98782
3.98782
3.98782
3.98782
3.98782
3.98782
3.98782
3.98782
3.98782
3.98782
3.98782
3.98782
3.98782
3.98782
3.98782
3.98782
3.98782
3.98782
3.98782
3.98782
3.98782
3.98782
3.98782
3.98782
3.98782
3.98782
3.98782
3.98782
3.98782
3.98782
3.98782
3.98782
3.98782
3.98782
3.98782
3.98782
3.98782
3.98782
3.98782
3.98782
3.98782
3.98782
3.98782
3.98782
3.98782
3.98782
3.98782
3.98782
3.98782
3.98782
3.98782
3.98782
3.98782
3.98782
3.98782
3.98782
3.98782
3.98782
3.98782
3.98782
3.98782
3.98782
3.98782
3.98782
3.98782
3.98782
3.98782
3.98782
3.98782
3.98782
3.98782
3.98782
3.98782
3.98782
3.98782
3.98782
3.98782
3.98782
3.98782
3.98782
3.98782
3.98782
3.98782
3.98782
3.98782
3.98782
3.98782
3.98782
3.98782
3.98782
3.98782
3.98782
3.98782
3.98782
3.98782
3.98782
3.98782
3.98782
3.98782
3.98782
3.98782
3.98782
3.98782
3.98782
3.98782
3.98782
3.98782
3.98782
3.98782
3.98782
3.98782
3.98782
3.98782
3.98782
3.98782
3.98782
3.98782
3.98782
3.98782
3.98782
3.98782
3.98782
3.98782
3.98782
3.98782
3.98782
3.98782
3.98782
3.98782
3.98782
3.98782
3.98782
3.98782
3.98782
3.98782
3.98782
3.98782
3.98782
3.98782
3.98782
3.98782
3.98782
3.98782
3.98782
3.98782
3.98782
3.98782
3.98782
3.98782
3.98782
3.98782
3.98782
3.98782
3.98782
3.98782
3.98782
3.98782
3.98782
3.98782
3.98782
3.98782
3.98782
3.98782
3.98782
3.98782
3.98782
3.98782
3.98782
3.98782
3.98782
3.98782
3.98782
3.98782
3.98782
3.98782
3.98782
3.98782
3.98782
3.98782
3.98782
3.98782
3.98782
3.98782
3.98782
3.98782
3.98782
3.98782
3.98782
3.98782
3.98782
3.98782
3.98782
3.98782
3.98782
3.98782
3.98782
3.98782
3.98782
3.98782
3.98782
3.98782
3.98782
3.98782
3.98782
3.98782
3.98782
3.98782
3.98782
3.98782
3.98782
3.98782
3.98782
3.98782
3.98782
3.98782
3.98782
3.98782
3.98782
3.98782
3.98782
3.98782
3.98782
3.98782
3.98782
3.98782
3.98782
3.98782
3.98782
3.98782
3.98782
3.98782
3.98782
3.98782
3.98782
3.98782
3.98782
3.98782
3.98782
3.98782
3.98782
3.98782
3.98782
3.98782
3.98782
3.98782
3.98782
3.98782
3.98782
3.98782
3.98782
3.98782
6.97414
6.97414
3.98781
3.98781
6.9741
6.9741
3.98778
3.98778
6.39694
6.39694
3.98776
3.98776
3.98775
3.98775
3.98775
3.98775
3.98775
3.98775
3.98774
3.98774
3.98774
3.98774
3.98774
3.98774
3.98773
3.98773
3.98773
3.98773
3.98773
3.98773
3.98772
3.98772
3.98772
3.98772
3.98771
3.98771
3.98771
3.98771
6.39655
6.39655
3.98768
3.98768
3.98768
3.98768
3.98767
3.98767
3.98767
3.98767
3.98766
3.98766
3.98766
3.98766
3.98765
3.98765
3.98765
3.98765
3.98764
3.98764
3.98764
3.98764
3.98764
3.98764
3.98763
3.98763
3.98763
3.98763
3.98762
3.98762
3.98762
3.98762
3.98761
3.98761
3.98761
3.98761
3.98761
3.98761
3.9876
3.9876
3.9876
3.9876
3.98759
3.98759
3.98759
3.98759
3.98758
3.98758
3.98758
3.98758
3.98757
3.98757
3.98757
3.98757
3.98756
3.98756
3.98756
3.98756
3.98755
3.98755
3.98755
3.98755
3.98754
3.98754
3.98754
3.98754
3.98753
3.98753
3.98753
3.98753
3.98752
3.98752
3.98752
3.98752
3.98751
3.98751
3.98751
3.98751
3.9875
3.9875
3.9875
3.9875
3.98749
3.98749
3.98749
3.98749
3.98748
3.98748
3.98748
3.98748
3.98747
3.98747
3.98747
3.98747
3.98746
3.98746
3.98746
3.98746
3.98745
3.98745
3.98745
3.98745
3.98744
3.98744
3.98744
3.98744
3.98743
3.98743
3.98743
3.98743
3.98742
3.98742
3.98742
3.98742
3.98741
3.98741
3.98741
3.98741
3.9874
3.9874
3.9874
3.9874
3.98739
3.98739
3.98739
3.98739
3.98739
3.98739
3.98738
3.98738
3.98738
3.98738
3.98737
3.98737
3.98737
3.98737
3.98736
3.98736
3.98736
3.98736
3.98735
3.98735
3.98735
3.98735
3.98735
3.98735
3.98734
3.98734
3.98734
3.98734
3.98733
3.98733
3.98733
3.98733
3.98732
3.98732
3.98732
3.98732
3.98731
3.98731
3.98731
3.98731
3.98731
3.98731
3.9873
3.9873
3.9873
3.9873
3.98729
3.98729
3.98729
3.98729
3.98729
3.98729
3.98728
3.98728
3.98728
3.98728
3.98727
3.98727
3.98727
3.98727
3.98726
3.98726
3.98726
3.98726
3.98726
3.98726
3.98725
3.98725
3.98725
3.98725
3.98724
3.98724
3.98724
3.98724
3.98724
3.98724
3.98723
3.98723
3.98723
3.98723
3.98722
3.98722
3.98722
3.98722
3.98722
3.98722
3.98722
3.98722
3.98721
3.98721
3.98721
3.98721
3.98721
3.98721
3.98721
3.98721
3.98721
3.98721
3.9872
3.9872
3.9872
3.9872
3.9872
3.9872
3.9872
3.9872
3.9872
3.9872
3.98719
3.98719
3.98719
3.98719
3.98719
3.98719
3.98719
3.98719
3.98718
3.98718
3.98718
3.98718
3.98718
3.98718
3.98718
3.98718
3.98717
3.98717
3.98717
3.98717
3.98717
3.98717
3.98717
3.98717
3.98717
3.98717
3.98716
3.98716
3.98716
3.98716
3.98716
3.98716
3.98716
3.98716
3.98715
3.98715
3.98715
3.98715
3.98715
3.98715
3.98715
3.98715
3.98714
3.98714
3.98714
3.98714
3.98714
3.98714
3.98714
3.98714
3.98713
3.98713
3.98713
3.98713
3.98713
3.98713
3.98713
3.98713
3.98712
3.98712
3.98712
3.98712
3.98712
3.98712
3.98712
3.98712
3.98712
3.98712
3.98711
3.98711
3.98711
3.98711
3.98711
3.98711
3.98711
3.98711
3.9871
3.9871
3.9871
3.9871
3.9871
3.9871
3.9871
3.9871
3.98709
3.98709
3.98709
3.98709
3.98709
3.98709
3.98709
3.98709
3.98708
3.98708
3.98708
3.98708
3.98708
3.98708
3.98708
3.98708
3.98708
3.98708
3.98707
3.98707
3.98707
3.98707
3.98707
3.98707
3.98707
3.98707
3.98706
3.98706
3.98706
3.98706
3.98706
3.98706
3.98706
3.98706
3.98706
3.98706
3.98705
3.98705
3.98705
3.98705
3.98705
3.98705
3.98705
3.98705
3.98704
3.98704
3.98704
3.98704
3.98704
3.98704
3.98704
3.98704
3.98686
3.98686
3.98686
3.98686
3.98686
3.98686
3.98686
3.98686
3.98686
3.98686
3.98686
3.98686
3.98686
3.98686
3.98686
3.98686
3.98686
3.98686
3.98686
3.98686
3.98686
3.98686
3.98686
3.98686
3.98686
3.98686
3.98686
3.98686
3.98685
3.98685
3.98685
3.98685
3.98685
3.98685
3.98685
3.98685
3.98685
3.98685
3.98685
3.98685
3.98685
3.98685
3.98685
3.98685
3.98685
3.98685
3.98685
3.98685
3.98685
3.98685
3.98685
3.98685
3.98685
3.98685
3.98685
3.98685
3.98685
3.98685
3.98685
3.98685
3.98685
3.98685
3.98685
3.98685
3.98685
3.98685
3.98685
3.98685
3.98685
3.98685
3.98685
3.98685
3.98685
3.98685
3.98685
3.98685
3.98685
3.98685
3.98685
3.98685
3.98685
3.98685
3.98685
3.98685
3.98685
3.98685
3.98685
3.98685
3.98685
3.98685
3.98685
3.98685
3.98685
3.98685
3.98684
3.98684
3.98684
3.98684
3.98684
3.98684
3.98684
3.98684
3.98684
3.98684
3.98684
3.98684
3.98684
3.98684
3.98684
3.98684
3.98684
3.98684
3.98684
3.98684
3.98684
3.98684
3.98684
3.98684
3.98684
3.98684
3.98684
3.98684
3.98684
3.98684
3.98684
3.98684
3.98684
3.98684
3.98684
3.98684
3.98684
3.98684
3.98684
3.98684
