6.95287e-310
2.16
2.16
4.96
4.96
5.1
5.1
3.07
3.07
3.07
3.07
5.03
5.03
2.16
2.16
4.96
4.96
5.1
5.1
3.07
3.07
5.66
5.66
3.98
3.98
3.42
3.42
5.31
5.31
2.44
2.44
4.26
4.26
4.19
4.19
3.14
3.14
5.66
5.66
3.63
3.63
2.86
2.86
5.31
5.31
3.49
3.49
2.86
2.86
5.45
5.45
2.79
2.79
4.12
4.12
5.8
5.8
2.72
2.72
5.24
5.24
3.77
3.77
3
3
5.45
5.45
3.98
3.98
2.58
2.58
6.36
6.36
3.7
3.7
4.05
4.05
5.66
5.66
2.79
2.79
3.91
3.91
3.14
3.14
2.23
2.23
6.5
6.5
5.52
5.52
4.05
4.05
4.12
4.12
1.88
1.88
1.74
1.74
6.99
6.99
3.91
3.91
3.98
3.98
5.1
5.1
2.93
2.93
5.24
5.24
6.22
6.22
2.02
2.02
4.12
4.12
5.66
5.66
2.79
2.79
6.29
6.29
4.68
4.68
1.32
1.32
4.12
4.12
4.54
4.54
1.6
1.6
7.9
7.9
4.82
4.82
1.39
1.39
3.77
3.77
4.4
4.4
2.37
2.37
6.57
6.57
4.12
4.12
1.25
1.25
5.38
5.38
4.96
4.96
4.19
4.19
6.92
6.92
1.53
1.53
1.53
1.53
6.01
6.01
4.89
4.89
2.3
2.3
5.38
5.38
-0.64
-0.64
4.26
4.26
6.99
6.99
4.47
4.47
4.05
4.05
6.71
6.71
0.48
0.48
4.4
4.4
6.85
6.85
3.7
3.7
1.95
1.95
6.99
6.99
3.49
3.49
3.14
3.14
6.64
6.64
2.3
2.3
2.37
2.37
6.5
6.5
5.1
5.1
4.89
4.89
8.67
8.67
4.12
4.12
2.86
2.86
5.59
5.59
1.67
1.67
1.25
1.25
6.43
6.43
3.77
3.77
4.96
4.96
7.69
7.69
3.98
3.98
0.97
0.97
6.29
6.29
4.54
4.54
1.18
1.18
6.15
6.15
4.47
4.47
3.77
3.77
7.2
7.2
2.3
2.3
2.09
2.09
5.87
5.87
2.3
2.3
2.44
2.44
7.06
7.06
4.4
4.4
2.65
2.65
6.29
6.29
1.74
1.74
1.95
1.95
6.71
6.71
3.42
3.42
4.26
4.26
6.78
6.78
1.95
1.95
2.51
2.51
6.22
6.22
1.04
1.04
1.6
1.6
6.64
6.64
3.91
3.91
3.7
3.7
7.34
7.34
2.58
2.58
2.79
2.79
5.66
5.66
2.02
2.02
3.21
3.21
6.5
6.5
5.1
5.1
2.44
2.44
6.43
6.43
4.12
4.12
1.39
1.39
6.15
6.15
3
3
1.6
1.6
7.13
7.13
3.77
3.77
3.49
3.49
5.03
5.03
4.75
4.75
1.25
1.25
5.38
5.38
4.47
4.47
1.88
1.88
6.85
6.85
4.47
4.47
2.86
2.86
6.64
6.64
4.82
4.82
2.37
2.37
6.5
6.5
5.31
5.31
1.88
1.88
6.29
6.29
5.17
5.17
1.53
1.53
5.8
5.8
3.7
3.7
0.97
0.97
5.8
5.8
4.61
4.61
2.16
2.16
7.48
7.48
6.36
6.36
1.11
1.11
4.4
4.4
5.45
5.45
1.04
1.04
5.38
5.38
5.8
5.8
2.09
2.09
6.43
6.43
4.19
4.19
1.6
1.6
3.77
3.77
21.27
21.27
1.67
1.67
5.31
5.31
6.43
6.43
2.37
2.37
5.31
5.31
4.54
4.54
0.83
0.83
5.1
5.1
5.38
5.38
1.74
1.74
3.98
3.98
7.06
7.06
2.02
2.02
4.05
4.05
5.87
5.87
0.9
0.9
4.05
4.05
38.21
38.21
29.39
29.39
-13.94
-13.94
-9.74
-9.74
-28.71
-28.71
-10.37
-10.37
-120.13
-120.13
91.97
91.97
81.68
81.68
75.59
75.59
16.93
16.93
8.53
8.53
26.94
26.94
21.9
21.9
6.78
6.78
-31.72
-31.72
-61.75
-61.75
-57.97
-57.97
-38.58
-38.58
-2.25
-2.25
12.66
12.66
23.93
23.93
29.25
29.25
21.69
21.69
1.6
1.6
-7.85
-7.85
-17.65
-17.65
-13.52
-13.52
-10.93
-10.93
12.8
12.8
19.66
19.66
32.54
32.54
27.71
27.71
15.88
15.88
-1.41
-1.41
-13.1
-13.1
-6.73
-6.73
15.11
15.11
16.86
16.86
30.51
30.51
18.54
18.54
4.61
4.61
2.51
2.51
-5.68
-5.68
-21.57
-21.57
0.69
0.69
-1.76
-1.76
3.91
3.91
23.3
23.3
12.31
12.31
5.24
5.24
-2.95
-2.95
-18.14
-18.14
-14.01
-14.01
-1.62
-1.62
9.51
9.51
10.91
10.91
16.16
16.16
13.43
13.43
6.99
6.99
3.14
3.14
-6.66
-6.66
-9.81
-9.81
2.09
2.09
1.6
1.6
7.9
7.9
16.58
16.58
15.53
15.53
5.38
5.38
0.83
0.83
-1.48
-1.48
-8.48
-8.48
0.62
0.62
4.26
4.26
5.38
5.38
12.87
12.87
11.12
11.12
4.61
4.61
-0.36
-0.36
-4.35
-4.35
-2.32
-2.32
5.8
5.8
9.37
9.37
5.94
5.94
10.21
10.21
10.91
10.91
1.11
1.11
-1.13
-1.13
1.6
1.6
0.13
0.13
0.27
0.27
3.91
3.91
7.69
7.69
7.97
7.97
13.08
13.08
3.98
3.98
-4.56
-4.56
-3.65
-3.65
-5.47
-5.47
4.89
4.89
12.73
12.73
11.82
11.82
-12.75
-12.75
2.16
2.16
1.46
1.46
-0.71
-0.71
7.97
7.97
8.46
8.46
0.97
0.97
6.01
6.01
7.13
7.13
3.98
3.98
-11.07
-11.07
5.31
5.31
-2.18
-2.18
-2.32
-2.32
5.1
5.1
4.12
4.12
7.48
7.48
10.35
10.35
1.88
1.88
1.18
1.18
5.38
5.38
-0.43
-0.43
2.72
2.72
6.29
6.29
5.59
5.59
1.53
1.53
6.85
6.85
5.59
5.59
2.02
2.02
4.4
4.4
7.13
7.13
-1.69
-1.69
6.22
6.22
6.01
6.01
1.11
1.11
4.61
4.61
8.53
8.53
2.37
2.37
0.2
0.2
6.15
6.15
4.33
4.33
2.23
2.23
7.27
7.27
3.84
3.84
1.18
1.18
-11.14
-11.14
3.98
3.98
1.04
1.04
3.98
3.98
6.71
6.71
1.11
1.11
4.89
4.89
8.32
8.32
1.46
1.46
4.19
4.19
6.85
6.85
0.62
0.62
3.56
3.56
7.13
7.13
1.11
1.11
1.11
1.11
7.97
7.97
1.88
1.88
2.09
2.09
7.97
7.97
4.68
4.68
2.37
2.37
6.57
6.57
2.65
2.65
-0.36
-0.36
10.07
10.07
8.74
8.74
1.67
1.67
3.14
3.14
6.08
6.08
1.32
1.32
5.38
5.38
8.25
8.25
-0.0799999
-0.0799999
4.54
4.54
6.92
6.92
1.46
1.46
3.49
3.49
6.08
6.08
4.54
4.54
1.11
1.11
8.11
8.11
4.47
4.47
0.69
0.69
6.43
6.43
4.4
4.4
-0.0799999
-0.0799999
6.64
6.64
4.12
4.12
1.39
1.39
4.68
4.68
7.2
7.2
7.2
7.2
7.2
7.2
7.2
3.77
3.77
0.76
0.76
6.85
6.85
5.38
5.38
2.3
2.3
2.3
2.3
3.77
3.77
0.76
0.76
6.85
6.85
5.38
5.38
2.3
2.3
2.3
2.3
3.77
3.77
0.76
0.76
6.85
6.85
5.38
5.38
2.3
2.3
6.01
6.01
5.73
5.73
3.07
3.07
2.37
2.37
7.34
7.34
2.58
2.58
2.79
2.79
7.13
7.13
2.65
2.65
2.86
2.86
7.13
7.13
20.43
20.43
3.14
3.14
6.92
6.92
5.66
5.66
0.34
0.34
5.66
5.66
3.84
3.84
1.11
1.11
9.02
9.02
5.52
5.52
1.74
1.74
5.45
5.45
2.65
2.65
1.25
1.25
8.11
8.11
21.97
21.97
2.86
2.86
4.4
4.4
3.98
3.98
-0.15
-0.15
7.2
7.2
6.85
6.85
2.02
2.02
5.31
5.31
4.54
4.54
0.2
0.2
4.12
4.12
6.01
6.01
1.32
1.32
3.07
3.07
6.99
6.99
2.02
2.02
4.54
4.54
7.13
7.13
0.83
0.83
3.14
3.14
8.81
8.81
1.39
1.39
1.6
1.6
4.68
4.68
4.19
4.19
2.72
2.72
7.55
7.55
2.79
2.79
1.53
1.53
7.76
7.76
2.65
2.65
2.02
2.02
8.11
8.11
3.14
3.14
1.81
1.81
4.54
4.54
5.59
5.59
1.81
1.81
5.87
5.87
4.33
4.33
0.0599999
0.0599999
6.99
6.99
6.29
6.29
2.23
2.23
4.75
4.75
5.59
5.59
0.41
0.41
3.49
3.49
6.15
6.15
2.09
2.09
3.63
3.63
8.11
8.11
2.37
2.37
3.07
3.07
6.29
6.29
0.55
0.55
4.19
4.19
7.48
7.48
1.53
1.53
1.11
1.11
7.48
7.48
3.63
3.63
0.34
0.34
5.45
5.45
4.33
4.33
0.83
0.83
7.69
7.69
5.66
5.66
1.25
1.25
-11
-11
6.71
6.71
1.81
1.81
3.49
3.49
7.76
7.76
1.46
1.46
3.42
3.42
6.5
6.5
2.3
2.3
5.52
5.52
5.59
5.59
0.76
0.76
4.12
4.12
7.2
7.2
1.81
1.81
3
3
7.13
7.13
2.37
2.37
2.37
2.37
7.13
7.13
2.93
2.93
1.67
1.67
7.2
7.2
3.84
3.84
3
3
5.24
5.24
5.73
5.73
1.67
1.67
4.68
4.68
6.01
6.01
1.39
1.39
5.52
5.52
6.71
6.71
1.53
1.53
4.89
4.89
5.24
5.24
0.76
0.76
5.31
5.31
6.78
6.78
2.58
2.58
4.4
4.4
7.62
7.62
2.02
2.02
2.3
2.3
7.06
7.06
1.95
1.95
1.6
1.6
7.62
7.62
7.41
7.41
1.32
1.32
4.26
4.26
7.97
7.97
1.6
1.6
1.11
1.11
7.2
7.2
4.61
4.61
1.11
1.11
6.57
6.57
7.06
7.06
1.25
1.25
3.35
3.35
6.85
6.85
2.3
2.3
0.97
0.97
3.91
3.91
7.97
7.97
3.14
3.14
2.02
2.02
6.78
6.78
4.05
4.05
0.97
0.97
5.45
5.45
4.68
4.68
2.65
2.65
6.57
6.57
7.62
7.62
2.3
2.3
2.93
2.93
6.71
6.71
1.81
1.81
2.93
2.93
7.06
7.06
2.79
2.79
3.49
3.49
7.62
7.62
5.52
5.52
0.41
0.41
6.85
6.85
4.75
4.75
1.04
1.04
6.36
6.36
5.38
5.38
1.67
1.67
6.57
6.57
3.98
3.98
1.32
1.32
6.15
6.15
3.77
3.77
1.46
1.46
4.82
4.82
7.48
7.48
1.53
1.53
4.12
4.12
6.15
6.15
0.97
0.97
3.91
3.91
6.71
6.71
1.74
1.74
4.82
4.82
7.2
7.2
4.12
4.12
1.11
1.11
6.43
6.43
3.77
3.77
0.9
0.9
7.06
7.06
4.68
4.68
1.88
1.88
6.85
6.85
4.33
4.33
1.46
1.46
6.01
6.01
3.91
3.91
1.74
1.74
4.12
4.12
7.34
7.34
2.16
2.16
4.26
4.26
6.57
6.57
1.11
1.11
3.49
3.49
6.57
6.57
2.02
2.02
2.23
2.23
6.92
6.92
4.12
4.12
1.6
1.6
6.36
6.36
3.28
3.28
1.67
1.67
6.99
6.99
3.77
3.77
2.37
2.37
7.41
7.41
3.63
3.63
0.83
0.83
4.54
4.54
3.07
3.07
1.18
1.18
5.24
5.24
6.15
6.15
1.46
1.46
5.52
5.52
5.59
5.59
0.76
0.76
5.03
5.03
5.52
5.52
1.18
1.18
2.79
2.79
7.48
7.48
3.56
3.56
2.09
2.09
6.78
6.78
2.72
2.72
1.81
1.81
7.06
7.06
3.42
3.42
2.58
2.58
7.48
7.48
3.49
3.49
0.83
0.83
4.68
4.68
20.85
20.85
0.97
0.97
5.59
5.59
5.94
5.94
1.32
1.32
6.01
6.01
5.8
5.8
0.69
0.69
2.02
2.02
5.52
5.52
0.97
0.97
2.58
2.58
7.55
7.55
3.21
3.21
2.72
2.72
7.06
7.06
2.44
2.44
2.37
2.37
6.85
6.85
2.72
2.72
2.93
2.93
5.8
5.8
3.14
3.14
1.04
1.04
5.31
5.31
5.1
5.1
0.83
0.83
5.66
5.66
5.66
5.66
1.11
1.11
5.94
5.94
5.94
5.94
0.97
0.97
1.81
1.81
5.45
5.45
1.04
1.04
2.37
2.37
7.48
7.48
3.56
3.56
2.37
2.37
7.34
7.34
3
3
1.88
1.88
6.78
6.78
3.28
3.28
2.23
2.23
5.45
5.45
3.56
3.56
