4.124
4.124
4.1484
4.1484
4.1484
4.1484
4.13864
4.13864
4.12986
4.12986
4.15084
4.15084
4.14303
4.14303
4.1484
4.1484
4.15621
4.15621
4.13034
4.13034
4.12107
4.12107
4.13522
4.13522
4.13669
4.13669
4.12839
4.12839
4.12058
4.12058
4.1362
4.1362
4.13718
4.13718
4.13278
4.13278
4.13766
4.13766
4.15084
4.15084
4.14791
4.14791
4.1323
4.1323
4.13669
4.13669
4.1323
4.1323
4.12058
4.12058
4.13132
4.13132
4.14108
4.14108
4.13718
4.13718
4.13132
4.13132
4.13669
4.13669
4.15133
4.15133
4.08691
4.08691
4.12742
4.12742
4.14791
4.14791
4.14986
4.14986
4.1445
4.1445
4.14694
4.14694
4.11473
4.11473
4.14791
4.14791
4.12107
4.12107
4.14596
4.14596
4.1279
4.1279
4.13766
4.13766
4.12498
4.12498
4.15133
4.15133
4.16109
4.16109
4.12888
4.12888
4.13278
4.13278
4.13425
4.13425
4.15279
4.15279
4.11863
4.11863
4.12254
4.12254
4.14401
4.14401
4.15426
4.15426
4.13474
4.13474
4.12839
4.12839
4.14645
4.14645
4.14547
4.14547
4.11961
4.11961
4.12546
4.12546
4.16548
4.16548
4.14547
4.14547
4.13474
4.13474
4.12302
4.12302
4.13425
4.13425
4.14157
4.14157
4.12107
4.12107
4.13425
4.13425
4.13425
4.13425
4.15328
4.15328
4.13474
4.13474
4.12595
4.12595
4.12156
4.12156
4.12156
4.12156
4.11814
4.11814
4.12693
4.12693
4.14645
4.14645
4.14157
4.14157
4.13962
4.13962
4.13132
4.13132
4.13913
4.13913
4.11961
4.11961
4.13669
4.13669
4.14596
4.14596
4.13083
4.13083
4.12693
4.12693
4.12254
4.12254
4.13571
4.13571
4.12888
4.12888
4.11814
4.11814
4.12839
4.12839
4.14742
4.14742
4.12937
4.12937
4.12498
4.12498
4.14206
4.14206
4.14108
4.14108
4.12644
4.12644
4.13522
4.13522
4.14547
4.14547
4.14157
4.14157
4.12986
4.12986
4.11961
4.11961
4.14059
4.14059
4.15328
4.15328
4.13669
4.13669
4.13522
4.13522
4.13376
4.13376
4.12986
4.12986
4.12498
4.12498
4.11766
4.11766
4.15426
4.15426
4.1362
4.1362
4.13132
4.13132
4.12888
4.12888
4.15133
4.15133
4.14108
4.14108
4.12302
4.12302
4.13034
4.13034
4.14157
4.14157
4.13962
4.13962
4.12693
4.12693
4.13425
4.13425
4.15035
4.15035
4.12644
4.12644
4.12302
4.12302
4.13913
4.13913
4.15084
4.15084
4.13766
4.13766
4.13034
4.13034
4.15035
4.15035
4.13278
4.13278
4.11863
4.11863
4.14254
4.14254
4.14742
4.14742
4.14938
4.14938
4.12595
4.12595
4.1279
4.1279
4.1401
4.1401
4.14303
4.14303
4.13181
4.13181
4.13376
4.13376
4.14694
4.14694
4.13718
4.13718
4.11619
4.11619
4.14254
4.14254
4.1567
4.1567
4.14791
4.14791
4.1279
4.1279
4.12058
4.12058
4.13913
4.13913
4.14986
4.14986
4.12546
4.12546
4.12839
4.12839
4.14157
4.14157
4.14059
4.14059
4.14206
4.14206
4.11863
4.11863
4.14645
4.14645
4.13181
4.13181
4.13327
4.13327
4.11326
4.11326
4.13425
4.13425
4.16011
4.16011
4.13815
4.13815
4.1201
4.1201
4.13034
4.13034
4.14108
4.14108
4.13669
4.13669
4.12839
4.12839
4.13669
4.13669
4.14206
4.14206
4.14108
4.14108
4.12254
4.12254
4.13864
4.13864
4.13425
4.13425
4.13571
4.13571
4.13278
4.13278
4.14498
4.14498
4.1362
4.1362
4.11668
4.11668
4.14254
4.14254
4.13815
4.13815
4.1401
4.1401
4.1362
4.1362
4.13181
4.13181
4.14352
4.14352
4.14303
4.14303
4.11082
4.11082
4.1323
4.1323
4.1484
4.1484
4.13571
4.13571
4.13718
4.13718
4.13132
4.13132
4.1484
4.1484
4.13278
4.13278
4.12937
4.12937
4.13962
4.13962
4.14791
4.14791
4.14108
4.14108
4.12205
4.12205
4.13571
4.13571
4.11961
4.11961
4.12498
4.12498
4.12742
4.12742
4.15816
4.15816
4.14498
4.14498
4.12595
4.12595
4.1279
4.1279
4.1484
4.1484
4.15572
4.15572
4.12205
4.12205
4.11229
4.11229
4.14254
4.14254
4.15523
4.15523
4.13815
4.13815
4.11668
4.11668
4.12595
4.12595
4.1445
4.1445
6.65282
6.65282
7.98457
7.98457
4.36605
4.36605
4.8599
4.8599
4.78719
4.78719
3.8678
3.8678
4.89992
4.89992
1.75281
1.75281
2.22519
2.22519
3.36418
3.36418
3.86682
3.86682
3.18997
3.18997
3.23633
3.23633
4.44462
4.44462
4.65153
4.65153
4.45389
4.45389
3.42323
3.42323
3.52669
3.52669
3.55255
3.55255
4.09765
4.09765
4.00395
4.00395
4.40362
4.40362
4.33238
4.33238
4.0591
4.0591
3.85706
3.85706
4.12937
4.12937
4.08594
4.08594
4.04543
4.04543
3.87561
3.87561
4.18744
4.18744
4.35336
4.35336
4.45633
4.45633
4.19281
4.19281
4.04787
4.04787
4.07227
4.07227
4.16158
4.16158
4.21623
4.21623
3.96198
3.96198
4.14206
4.14206
4.18842
4.18842
4.30358
4.30358
4.31237
4.31237
4.07569
4.07569
3.90684
3.90684
4.17134
4.17134
4.22697
4.22697
4.02982
4.02982
4.2133
4.2133
4.31871
4.31871
4.3275
4.3275
4.05568
4.05568
4.08594
4.08594
4.09326
4.09326
3.99712
3.99712
4.09374
4.09374
4.15621
4.15621
4.29578
4.29578
4.20989
4.20989
4.21379
4.21379
4.15035
4.15035
4.1445
4.1445
4.14352
4.14352
4.1201
4.1201
4.16841
4.16841
4.21233
4.21233
4.17768
4.17768
4.21672
4.21672
4.20306
4.20306
4.1567
4.1567
4.07374
4.07374
4.13425
4.13425
4.16158
4.16158
4.13669
4.13669
4.13034
4.13034
4.16206
4.16206
4.23673
4.23673
4.25869
4.25869
4.09862
4.09862
4.08886
4.08886
4.08691
4.08691
4.10887
4.10887
4.15718
4.15718
4.2094
4.2094
4.17036
4.17036
4.1523
4.1523
4.08301
4.08301
4.10155
4.10155
4.09667
4.09667
4.12644
4.12644
4.16987
4.16987
4.16792
4.16792
4.1728
4.1728
4.15523
4.15523
4.15718
4.15718
4.20745
4.20745
4.11082
4.11082
4.10497
4.10497
4.1035
4.1035
4.09326
4.09326
4.17768
4.17768
4.1767
4.1767
4.12937
4.12937
4.14742
4.14742
4.1362
4.1362
4.06837
4.06837
4.10302
4.10302
4.11961
4.11961
4.13669
4.13669
4.15816
4.15816
4.14938
4.14938
4.16402
4.16402
4.17134
4.17134
4.1157
4.1157
4.10594
4.10594
4.13132
4.13132
4.11814
4.11814
4.1606
4.1606
4.12546
4.12546
4.15572
4.15572
4.14596
4.14596
4.11766
4.11766
4.12546
4.12546
4.11668
4.11668
4.10985
4.10985
4.1362
4.1362
4.14108
4.14108
4.15426
4.15426
4.18744
4.18744
4.13522
4.13522
4.13181
4.13181
4.13083
4.13083
4.12205
4.12205
4.13571
4.13571
4.14108
4.14108
4.12546
4.12546
4.16255
4.16255
4.13864
4.13864
4.12595
4.12595
4.12742
4.12742
4.11814
4.11814
4.12986
4.12986
4.11717
4.11717
4.13962
4.13962
4.16158
4.16158
4.14645
4.14645
4.11717
4.11717
4.13766
4.13766
4.12156
4.12156
4.12498
4.12498
4.13181
4.13181
4.12693
4.12693
4.16646
4.16646
4.14694
4.14694
4.12888
4.12888
4.1445
4.1445
4.12693
4.12693
4.12302
4.12302
4.11278
4.11278
4.12498
4.12498
4.15621
4.15621
4.15767
4.15767
4.12449
4.12449
4.14498
4.14498
4.14694
4.14694
4.13522
4.13522
4.1035
4.1035
4.10643
4.10643
4.15816
4.15816
4.16694
4.16694
4.13181
4.13181
4.13425
4.13425
4.14254
4.14254
4.11912
4.11912
4.12498
4.12498
4.10204
4.10204
4.14498
4.14498
4.16548
4.16548
4.13278
4.13278
4.1484
4.1484
4.16304
4.16304
4.12254
4.12254
4.13278
4.13278
4.10985
4.10985
4.12449
4.12449
4.16402
4.16402
4.13571
4.13571
4.13132
4.13132
4.15523
4.15523
4.13815
4.13815
4.13327
4.13327
4.10985
4.10985
4.13327
4.13327
4.14742
4.14742
4.15182
4.15182
4.1401
4.1401
4.14352
4.14352
4.13864
4.13864
4.13327
4.13327
4.11912
4.11912
4.12644
4.12644
4.15767
4.15767
4.12693
4.12693
4.14498
4.14498
4.1567
4.1567
4.12742
4.12742
4.14157
4.14157
4.12546
4.12546
4.124
4.124
4.16255
4.16255
4.13181
4.13181
4.12742
4.12742
4.12693
4.12693
4.14645
4.14645
4.13132
4.13132
4.13132
4.13132
4.12156
4.12156
4.13913
4.13913
4.14791
4.14791
4.12449
4.12449
4.15035
4.15035
4.15035
4.15035
4.12156
4.12156
4.13913
4.13913
4.14791
4.14791
4.12449
4.12449
4.15035
4.15035
4.12888
4.12888
4.1606
4.1606
4.14498
4.14498
4.10204
4.10204
4.13962
4.13962
4.12351
4.12351
4.12595
4.12595
4.14206
4.14206
4.17914
4.17914
4.14938
4.14938
4.13327
4.13327
4.10838
4.10838
4.12449
4.12449
4.16206
4.16206
4.12742
4.12742
4.12644
4.12644
4.15474
4.15474
4.15865
4.15865
4.12888
4.12888
4.12058
4.12058
4.12693
4.12693
4.1567
4.1567
4.14645
4.14645
4.13425
4.13425
4.12888
4.12888
4.14498
4.14498
4.14157
4.14157
4.10936
4.10936
4.12449
4.12449
4.14303
4.14303
4.15474
4.15474
4.13913
4.13913
4.18012
4.18012
4.13083
4.13083
4.13815
4.13815
4.1401
4.1401
4.1118
4.1118
4.14108
4.14108
4.13571
4.13571
4.12644
4.12644
4.13034
4.13034
4.1445
4.1445
4.16694
4.16694
4.124
4.124
4.12839
4.12839
4.12937
4.12937
4.15035
4.15035
4.09765
4.09765
4.13278
4.13278
4.18158
4.18158
4.1279
4.1279
4.10692
4.10692
4.12351
4.12351
4.16646
4.16646
4.14254
4.14254
4.0913
4.0913
4.12839
4.12839
4.17914
4.17914
4.12888
4.12888
4.11863
4.11863
4.11717
4.11717
4.15914
