6.67776
6.67776
83.9209
83.9209
83.9209
83.9209
3.92097
3.92097
6.58249
6.58249
3.92095
3.92095
6.58244
6.58244
3.92092
3.92092
6.5824
6.5824
3.92089
3.92089
6.58235
6.58235
3.92086
3.92086
6.58231
6.58231
3.92083
3.92083
6.58226
6.58226
3.92081
3.92081
6.58222
6.58222
3.92078
3.92078
6.58217
6.58217
3.92075
3.92075
6.58213
6.58213
3.92072
3.92072
6.58209
6.58209
3.9207
3.9207
6.58204
6.58204
3.92067
3.92067
6.582
6.582
3.92064
3.92064
6.58195
6.58195
3.92061
3.92061
6.58191
6.58191
3.92059
3.92059
6.58186
6.58186
3.92056
3.92056
6.58182
6.58182
3.92053
3.92053
6.58177
6.58177
3.9205
3.9205
6.58173
6.58173
3.92048
3.92048
6.58168
6.58168
3.92045
3.92045
6.58164
6.58164
3.92042
3.92042
6.58159
6.58159
3.92039
3.92039
6.58155
6.58155
3.92037
3.92037
6.5815
6.5815
3.92034
3.92034
6.58146
6.58146
3.92031
3.92031
6.58141
6.58141
3.92028
3.92028
6.58137
6.58137
3.92025
3.92025
6.58132
6.58132
3.92023
3.92023
6.58128
6.58128
3.9202
3.9202
6.58123
6.58123
3.92017
3.92017
6.58119
6.58119
3.92014
3.92014
6.58114
6.58114
3.92012
3.92012
6.5811
6.5811
3.92009
3.92009
6.58105
6.58105
3.92006
3.92006
6.58101
6.58101
3.92003
3.92003
6.58096
6.58096
3.92001
3.92001
6.58092
6.58092
3.91998
3.91998
6.58087
6.58087
3.91995
3.91995
6.58083
6.58083
3.91992
3.91992
6.58078
6.58078
3.9199
3.9199
6.58074
6.58074
3.91987
3.91987
6.58069
6.58069
3.91984
3.91984
6.58065
6.58065
3.91981
3.91981
6.5806
6.5806
3.91978
3.91978
6.58056
6.58056
3.91976
3.91976
6.58051
6.58051
3.91973
3.91973
6.58047
6.58047
3.9197
3.9197
6.58042
6.58042
3.91967
3.91967
6.58038
6.58038
3.91965
3.91965
6.58033
6.58033
3.91962
3.91962
6.58029
6.58029
3.91959
3.91959
6.58024
6.58024
3.91956
3.91956
6.5802
6.5802
3.91954
3.91954
6.58015
6.58015
3.91951
3.91951
6.58011
6.58011
3.91948
3.91948
6.58006
6.58006
3.91945
3.91945
6.58002
6.58002
3.91943
3.91943
6.57997
6.57997
3.9194
3.9194
6.57993
6.57993
3.91937
3.91937
6.57988
6.57988
3.91934
3.91934
6.57984
6.57984
3.91932
3.91932
6.57979
6.57979
3.91929
3.91929
6.57975
6.57975
3.91926
3.91926
6.5797
6.5797
3.91923
3.91923
6.57966
6.57966
3.9192
3.9192
6.57961
6.57961
3.91918
3.91918
6.57957
6.57957
3.91915
3.91915
6.57952
6.57952
3.91912
3.91912
6.57948
6.57948
3.91909
3.91909
6.57943
6.57943
3.91907
3.91907
6.57939
6.57939
3.91904
3.91904
6.57934
6.57934
3.91901
3.91901
6.5793
6.5793
3.91898
3.91898
6.57925
6.57925
3.91896
3.91896
6.57921
6.57921
3.91893
3.91893
6.57916
6.57916
3.9189
3.9189
6.57912
6.57912
3.91887
3.91887
6.57907
6.57907
3.91885
3.91885
6.57903
6.57903
3.91882
3.91882
6.57898
6.57898
3.91879
3.91879
6.57894
6.57894
3.91876
3.91876
6.5789
6.5789
3.91874
3.91874
6.57885
6.57885
3.91871
3.91871
6.57881
6.57881
3.91868
3.91868
6.57876
6.57876
3.91865
3.91865
6.57872
6.57872
3.91862
3.91862
6.57867
6.57867
3.9186
3.9186
6.57863
6.57863
3.91857
3.91857
6.57858
6.57858
3.91854
3.91854
6.57854
6.57854
3.91851
3.91851
6.57849
6.57849
3.91849
3.91849
6.57845
6.57845
3.91846
3.91846
6.5784
6.5784
3.91843
3.91843
6.57836
6.57836
3.9184
3.9184
6.57831
6.57831
3.91838
3.91838
6.57827
6.57827
3.91835
3.91835
6.57822
6.57822
3.91832
3.91832
6.57818
6.57818
3.91829
3.91829
6.57813
6.57813
3.91827
3.91827
6.57809
6.57809
3.91824
3.91824
6.57804
6.57804
3.91821
3.91821
6.578
6.578
3.91818
3.91818
6.57795
6.57795
3.91815
3.91815
6.57791
6.57791
3.91813
3.91813
6.57786
6.57786
3.9181
3.9181
6.57782
6.57782
3.91807
3.91807
6.57777
6.57777
3.91804
3.91804
6.57773
6.57773
3.91802
3.91802
6.57767
6.57767
3.91797
3.91797
6.57759
6.57759
3.91794
3.91794
6.57752
6.57752
3.91789
3.91789
6.57744
6.57744
3.91784
3.91784
6.57741
6.57741
3.91782
3.91782
6.57738
6.57738
3.9178
3.9178
6.57736
6.57736
3.91779
3.91779
6.38673
6.38673
3.91778
3.91778
6.38671
6.38671
6.38669
6.38669
6.38667
6.38667
6.38664
6.38664
6.38662
6.38662
5.49864
5.49864
4.8991
4.8991
6.38651
6.38651
4.59928
4.59928
4.29952
4.29952
6.38643
6.38643
4.29949
4.29949
3.91769
3.91769
6.38638
6.38638
3.91767
3.91767
6.09197
6.09197
3.91765
3.91765
6.09193
6.09193
3.91762
3.91762
6.09189
6.09189
3.91762
3.91762
6.09184
6.09184
3.91761
3.91761
6.09179
6.09179
3.91761
3.91761
5.49857
5.49857
3.91759
3.91759
4.89906
4.89906
3.91757
3.91757
4.89903
4.89903
3.91757
3.91757
4.59926
4.59926
4.29948
4.29948
6.38628
6.38628
4.29945
4.29945
6.38623
6.38623
4.29941
4.29941
6.38618
6.38618
4.29938
4.29938
6.09175
6.09175
4.29935
4.29935
5.49855
5.49855
3.91756
3.91756
5.49852
5.49852
3.91756
3.91756
5.49848
5.49848
3.91756
3.91756
4.89902
4.89902
3.91755
3.91755
4.89899
4.89899
3.91755
3.91755
4.89897
4.89897
3.91755
3.91755
4.89894
4.89894
3.91754
3.91754
4.59925
4.59925
3.91754
3.91754
5.79838
5.79838
3.91752
3.91752
5.79834
5.79834
3.91749
3.91749
5.7983
5.7983
3.91747
3.91747
5.19913
5.19913
3.91747
3.91747
5.1991
5.1991
3.91746
3.91746
5.19907
5.19907
3.91746
3.91746
5.19904
5.19904
3.91746
3.91746
5.19901
5.19901
3.91745
3.91745
6.38601
6.38601
3.91743
3.91743
6.38597
6.38597
3.9174
3.9174
6.38593
6.38593
3.91737
3.91737
5.79824
5.79824
3.91735
3.91735
5.7982
5.7982
3.91735
3.91735
5.79816
5.79816
3.91735
3.91735
5.79813
5.79813
3.91734
3.91734
5.79809
5.79809
3.91734
3.91734
5.79805
5.79805
3.91734
3.91734
5.79802
5.79802
3.91731
3.91731
5.79798
5.79798
3.91729
3.91729
5.79795
5.79795
3.91727
3.91727
5.79791
5.79791
3.91724
3.91724
5.79787
5.79787
3.91722
3.91722
5.79784
5.79784
3.91722
3.91722
5.7978
5.7978
3.91721
3.91721
5.79776
5.79776
3.91721
3.91721
5.79773
5.79773
3.91721
3.91721
5.79769
5.79769
3.9172
3.9172
5.79766
5.79766
3.9172
3.9172
5.79762
5.79762
3.91718
3.91718
5.79758
5.79758
3.91716
3.91716
5.79755
5.79755
3.91713
3.91713
5.79751
5.79751
3.91711
3.91711
5.79748
5.79748
3.91709
3.91709
5.79744
5.79744
3.91706
3.91706
5.7974
5.7974
3.91704
3.91704
5.79737
5.79737
3.91702
3.91702
5.79733
5.79733
3.91699
3.91699
5.79729
5.79729
3.91697
3.91697
5.79726
5.79726
3.91695
3.91695
5.79722
5.79722
3.91692
3.91692
5.79718
5.79718
3.9169
3.9169
5.79715
5.79715
3.91688
3.91688
5.79711
5.79711
3.91685
3.91685
5.79707
5.79707
3.91683
3.91683
5.79704
5.79704
3.91681
3.91681
5.797
5.797
3.91678
3.91678
5.79697
5.79697
3.91676
3.91676
5.79693
5.79693
3.91674
3.91674
5.79689
5.79689
3.91671
3.91671
5.79686
5.79686
3.91669
3.91669
5.79682
5.79682
3.91667
3.91667
5.79678
5.79678
3.91664
3.91664
5.79675
5.79675
3.91662
3.91662
5.79671
5.79671
3.9166
3.9166
5.79667
5.79667
3.91657
3.91657
5.79664
5.79664
3.91655
3.91655
5.7966
5.7966
3.91653
3.91653
5.79657
5.79657
3.9165
3.9165
5.79653
5.79653
3.91648
3.91648
5.79649
5.79649
3.91646
3.91646
5.79646
5.79646
3.91644
3.91644
5.79642
5.79642
3.91641
3.91641
5.79638
5.79638
3.91639
3.91639
5.79635
5.79635
3.91637
3.91637
5.79631
5.79631
3.91634
3.91634
5.79627
5.79627
3.91632
3.91632
5.79624
5.79624
3.9163
3.9163
5.7962
5.7962
3.91627
3.91627
5.79616
5.79616
3.91625
3.91625
5.79613
5.79613
3.91623
3.91623
5.79609
5.79609
5.79609
5.79609
3.91301
3.91301
5.79107
5.79107
3.91299
3.91299
5.79103
5.79103
3.91297
3.91297
3.91297
3.91297
3.91301
3.91301
5.79107
5.79107
3.91299
3.91299
5.79103
5.79103
3.91297
3.91297
5.79099
5.79099
3.91294
3.91294
5.79096
5.79096
3.91292
3.91292
5.79092
5.79092
3.9129
3.9129
5.79088
5.79088
3.91287
3.91287
5.79085
5.79085
3.91285
3.91285
5.79081
5.79081
3.91283
3.91283
5.79077
5.79077
3.9128
3.9128
5.79074
5.79074
3.91278
3.91278
5.7907
5.7907
3.91276
3.91276
5.79066
5.79066
3.91273
3.91273
5.79063
5.79063
3.91271
3.91271
5.79059
5.79059
3.91269
3.91269
5.79056
5.79056
3.91266
3.91266
5.79052
5.79052
3.91264
3.91264
5.79048
5.79048
3.91262
3.91262
5.79045
5.79045
3.91259
3.91259
5.79041
5.79041
3.91257
3.91257
5.79037
5.79037
3.91255
3.91255
5.79034
5.79034
3.91252
3.91252
5.7903
5.7903
3.9125
3.9125
5.79026
5.79026
3.91248
3.91248
5.79023
5.79023
3.91245
3.91245
5.79019
5.79019
3.91243
3.91243
5.79015
5.79015
3.91241
3.91241
5.79012
5.79012
3.91238
3.91238
5.79008
5.79008
3.91236
3.91236
5.79005
5.79005
3.91234
3.91234
5.79001
5.79001
3.91232
3.91232
5.78997
5.78997
3.91229
3.91229
5.78994
5.78994
3.91227
3.91227
5.7899
5.7899
3.91225
