4.1401
4.1401
4.1401
4.1401
4.14303
4.14303
4.15035
4.15035
4.15035
4.15035
4.11912
4.11912
4.13913
4.13913
4.13083
4.13083
4.14303
4.14303
4.15035
4.15035
4.14694
4.14694
4.1157
4.1157
4.13669
4.13669
4.14303
4.14303
4.15328
4.15328
4.16597
4.16597
4.11668
4.11668
4.11766
4.11766
4.17182
4.17182
4.13181
4.13181
4.13669
4.13669
4.1445
4.1445
4.1201
4.1201
4.12058
4.12058
4.1606
4.1606
4.14401
4.14401
4.13522
4.13522
4.13962
4.13962
4.11082
4.11082
4.14108
4.14108
4.13913
4.13913
4.14694
4.14694
4.15767
4.15767
4.12839
4.12839
4.13327
4.13327
4.12693
4.12693
4.14303
4.14303
4.14791
4.14791
4.11863
4.11863
4.1401
4.1401
4.14254
4.14254
4.14108
4.14108
4.13278
4.13278
4.11912
4.11912
4.12888
4.12888
4.11814
4.11814
4.16109
4.16109
4.15426
4.15426
4.13034
4.13034
4.14157
4.14157
4.1523
4.1523
4.1445
4.1445
4.13522
4.13522
4.12156
4.12156
4.1079
4.1079
4.16011
4.16011
4.14157
4.14157
4.13718
4.13718
4.15816
4.15816
4.12058
4.12058
4.12351
4.12351
4.15962
4.15962
4.14059
4.14059
4.13522
4.13522
4.11814
4.11814
4.12839
4.12839
4.15474
4.15474
4.12937
4.12937
4.15279
4.15279
4.13864
4.13864
4.11668
4.11668
4.12302
4.12302
4.14889
4.14889
4.12546
4.12546
4.14694
4.14694
4.13425
4.13425
4.11717
4.11717
4.17085
4.17085
4.14401
4.14401
4.13766
4.13766
4.15182
4.15182
4.12546
4.12546
4.13181
4.13181
4.13962
4.13962
4.13962
4.13962
4.13571
4.13571
4.13083
4.13083
4.11619
4.11619
4.1523
4.1523
4.13327
4.13327
4.13962
4.13962
4.1279
4.1279
4.13278
4.13278
4.13815
4.13815
4.15718
4.15718
4.15133
4.15133
4.14157
4.14157
4.1323
4.1323
4.11668
4.11668
4.14352
4.14352
4.13864
4.13864
4.15865
4.15865
4.12205
4.12205
4.10594
4.10594
4.12742
4.12742
4.13327
4.13327
4.14596
4.14596
4.14254
4.14254
4.12595
4.12595
4.12644
4.12644
4.14889
4.14889
4.16255
4.16255
4.16109
4.16109
4.1279
4.1279
4.1362
4.1362
4.14108
4.14108
4.14303
4.14303
4.14645
4.14645
4.15816
4.15816
4.1079
4.1079
4.15328
4.15328
4.12742
4.12742
4.12742
4.12742
4.1445
4.1445
4.12839
4.12839
4.14694
4.14694
4.15523
4.15523
4.14108
4.14108
4.12693
4.12693
4.1157
4.1157
4.12205
4.12205
4.14694
4.14694
4.15328
4.15328
4.13034
4.13034
4.1323
4.1323
4.12595
4.12595
4.14986
4.14986
4.15133
4.15133
4.12839
4.12839
4.15035
4.15035
4.14498
4.14498
4.16011
4.16011
4.15426
4.15426
4.12937
4.12937
4.14889
4.14889
4.12595
4.12595
4.11619
4.11619
4.14206
4.14206
4.15523
4.15523
4.13327
4.13327
4.14791
4.14791
4.13083
4.13083
4.13327
4.13327
4.1323
4.1323
4.13474
4.13474
4.13669
4.13669
4.12449
4.12449
4.124
4.124
4.1445
4.1445
4.15523
4.15523
4.14498
4.14498
4.11717
4.11717
4.13278
4.13278
4.16109
4.16109
4.15279
4.15279
4.13132
4.13132
4.1401
4.1401
4.12986
4.12986
4.1118
4.1118
4.16694
4.16694
4.14791
4.14791
4.12937
4.12937
4.13132
4.13132
4.11473
4.11473
4.14791
4.14791
4.15035
4.15035
4.12839
4.12839
4.14596
4.14596
4.12644
4.12644
4.13376
4.13376
4.12888
4.12888
4.14889
4.14889
4.13571
4.13571
4.13913
4.13913
4.11717
4.11717
4.14694
4.14694
4.15718
4.15718
4.13376
4.13376
4.14742
4.14742
4.12937
4.12937
4.12058
4.12058
4.15084
4.15084
4.14401
4.14401
4.13962
4.13962
4.1201
4.1201
4.11814
4.11814
4.15962
4.15962
4.14596
4.14596
4.14986
4.14986
4.13766
4.13766
4.13083
4.13083
4.14352
4.14352
4.16109
4.16109
4.14303
4.14303
4.15133
4.15133
4.12693
4.12693
4.12058
4.12058
4.14742
4.14742
4.13815
4.13815
4.13718
4.13718
4.14791
4.14791
4.12254
4.12254
4.13034
4.13034
4.16987
4.16987
4.15718
4.15718
4.13718
4.13718
4.11717
4.11717
4.12644
4.12644
4.14694
4.14694
5.18442
5.18442
6.46201
6.46201
5.69878
5.69878
5.5514
5.5514
4.22014
4.22014
5.21614
5.21614
4.21428
4.21428
2.17395
2.17395
2.78981
2.78981
3.08993
3.08993
3.94198
3.94198
4.10009
4.10009
3.4774
3.4774
4.28504
4.28504
4.22404
4.22404
4.002
4.002
4.0508
4.0508
3.49399
3.49399
3.67602
3.67602
3.91026
3.91026
3.95125
3.95125
4.35775
4.35775
4.2909
4.2909
4.12937
4.12937
4.11424
4.11424
3.74092
3.74092
3.69212
3.69212
3.79509
3.79509
4.0059
4.0059
4.14401
4.14401
4.32359
4.32359
4.45194
4.45194
4.21135
4.21135
3.94832
3.94832
3.59842
3.59842
3.75117
3.75117
3.88732
3.88732
4.1279
4.1279
4.31676
4.31676
4.31188
4.31188
4.29822
4.29822
4.27577
4.27577
3.79753
3.79753
3.94442
3.94442
3.82388
3.82388
3.94295
3.94295
4.12351
4.12351
4.22843
4.22843
4.32115
4.32115
4.28846
4.28846
4.05861
4.05861
4.02054
4.02054
3.83413
3.83413
3.91367
3.91367
4.00493
4.00493
4.28358
4.28358
4.30066
4.30066
4.26845
4.26845
4.18256
4.18256
4.06544
4.06544
4.12498
4.12498
3.94686
3.94686
3.98004
3.98004
4.05763
4.05763
4.11668
4.11668
4.19574
4.19574
4.41094
4.41094
4.20842
4.20842
4.002
4.002
3.96882
3.96882
4.00102
4.00102
4.18695
4.18695
4.10399
4.10399
4.12498
4.12498
4.20013
4.20013
4.36556
4.36556
4.20989
4.20989
4.0591
4.0591
3.9815
3.9815
4.04592
4.04592
4.12546
4.12546
4.3275
4.3275
4.18744
4.18744
4.16646
4.16646
4.13425
4.13425
4.1201
4.1201
4.11717
4.11717
3.99029
3.99029
4.10302
4.10302
4.2216
4.2216
4.23331
4.23331
4.23624
4.23624
4.14889
4.14889
4.24356
4.24356
4.13815
4.13815
4.02006
4.02006
4.0752
4.0752
4.0996
4.0996
4.18256
4.18256
4.18354
4.18354
4.29382
4.29382
4.11668
4.11668
4.02201
4.02201
4.09911
4.09911
4.06642
4.06642
4.09814
4.09814
4.14401
4.14401
4.12058
4.12058
4.21965
4.21965
4.24307
4.24307
4.16548
4.16548
4.18012
4.18012
4.06739
4.06739
4.11814
4.11814
4.09277
4.09277
4.16548
4.16548
4.17036
4.17036
4.11814
4.11814
4.17134
4.17134
4.16597
4.16597
4.18842
4.18842
4.12986
4.12986
4.10399
4.10399
4.15133
4.15133
4.124
4.124
4.21282
4.21282
4.12888
4.12888
4.23917
4.23917
4.11912
4.11912
4.14157
4.14157
4.07471
4.07471
4.11034
4.11034
4.12351
4.12351
4.14352
4.14352
4.17231
4.17231
4.17475
4.17475
4.12937
4.12937
4.17085
4.17085
4.09521
4.09521
4.14352
4.14352
4.1567
4.1567
4.11034
4.11034
4.13669
4.13669
4.17085
4.17085
4.20842
4.20842
4.17719
4.17719
4.14206
4.14206
4.1157
4.1157
4.10204
4.10204
4.10302
4.10302
4.16792
4.16792
4.18158
4.18158
4.12693
4.12693
4.12107
4.12107
4.19427
4.19427
4.1767
4.1767
4.12107
4.12107
4.063
4.063
4.15914
4.15914
4.18842
4.18842
4.17719
4.17719
4.10497
4.10497
4.16304
4.16304
4.18012
4.18012
4.19866
4.19866
4.07813
4.07813
4.08447
4.08447
4.14938
4.14938
4.15816
4.15816
4.21574
4.21574
4.12986
4.12986
4.08594
4.08594
3.99858
3.99858
4.13864
4.13864
4.2177
4.2177
4.15914
4.15914
4.13132
4.13132
4.08203
4.08203
4.11326
4.11326
4.1767
4.1767
4.19232
4.19232
4.13766
4.13766
4.14059
4.14059
4.11961
4.11961
4.11424
4.11424
4.16402
4.16402
4.15084
4.15084
4.15084
4.15084
4.13425
4.13425
4.15523
4.15523
4.17866
4.17866
4.12498
4.12498
4.11863
4.11863
4.12449
4.12449
4.12595
4.12595
4.10546
4.10546
4.12498
4.12498
4.1279
4.1279
4.17134
4.17134
4.20062
4.20062
4.17866
4.17866
4.11912
4.11912
4.11717
4.11717
4.11278
4.11278
4.11912
4.11912
4.12839
4.12839
4.08789
4.08789
4.13669
4.13669
4.18646
4.18646
4.16548
4.16548
4.16548
4.16548
4.14254
4.14254
4.12888
4.12888
4.11717
4.11717
4.12644
4.12644
4.12644
4.12644
4.14547
4.14547
4.14254
4.14254
4.12888
4.12888
4.11717
4.11717
4.12644
4.12644
4.12839
4.12839
4.14694
4.14694
4.14986
4.14986
4.13864
4.13864
4.12156
4.12156
4.12742
4.12742
4.14157
4.14157
4.14108
4.14108
4.13718
4.13718
4.12693
4.12693
4.13815
4.13815
4.14352
4.14352
4.13962
4.13962
4.1401
4.1401
4.13864
4.13864
4.11814
4.11814
4.13718
4.13718
4.14206
4.14206
4.15182
4.15182
4.14303
4.14303
4.12595
4.12595
4.12937
4.12937
4.13425
4.13425
4.1484
4.1484
4.14742
4.14742
4.13034
4.13034
4.13669
4.13669
4.13278
4.13278
4.13522
4.13522
4.14742
4.14742
4.13278
4.13278
4.13474
4.13474
4.12302
4.12302
4.13571
4.13571
4.13815
4.13815
4.15279
4.15279
4.14254
4.14254
4.14206
4.14206
4.11961
4.11961
4.13669
4.13669
4.13571
4.13571
4.13718
4.13718
4.1401
4.1401
4.12498
4.12498
4.12986
4.12986
4.13571
4.13571
4.14645
4.14645
4.14547
4.14547
4.11912
4.11912
4.12058
4.12058
4.12156
4.12156
4.13913
4.13913
4.15572
4.15572
4.13962
4.13962
4.13376
4.13376
4.12449
4.12449
4.1401
4.1401
4.14645
4.14645
4.13425
4.13425
4.14742
4.14742
4.13669
4.13669
4.12839
4.12839
4.12888
4.12888
4.15572
4.15572
4.14206
4.14206
4.12058
4.12058
4.14108
4.14108
4.1323
4.1323
4.13913
4.13913
4.1401
4.1401
4.124
4.124
4.13327
4.13327
4.12644
4.12644
4.14645
4.14645
4.14401
4.14401
4.14254
4.14254
4.12302
4.12302
4.12937
4.12937
4.14694
4.14694
4.15377
4.15377
4.14303
4.14303
4.13181
4.13181
4.12156
4.12156
4.14303
4.14303
4.13815
4.13815
4.14352
4.14352
4.13815
4.13815
4.13571
4.13571
4.1201
4.1201
4.13571
4.13571
4.13376
4.13376
4.14303
4.14303
4.1445
4.1445
4.11522
4.11522
4.11766
4.11766
4.14596
4.14596
4.14303
4.14303
4.14645
4.14645
4.14498
4.14498
4.12742
4.12742
4.12351
4.12351
4.1362
4.1362
4.15816
4.15816
4.14596
4.14596
4.12742
4.12742
4.11961
4.11961
4.14401
4.14401
4.14889
4.14889
4.13962
4.13962
4.14596
4.14596
4.13669
4.13669
4.11863
4.11863
4.13327
4.13327
4.14645
4.14645
4.15133
4.15133
4.1401
4.1401
4.12156
4.12156
4.12449
4.12449
4.14645
4.14645
4.13522
4.13522
4.14303
4.14303
4.14645
4.14645
4.1362
4.1362
4.12254
4.12254
4.13669
4.13669
4.1401
4.1401
4.14596
4.14596
4.13766
4.13766
4.11619
4.11619
4.1323
4.1323
4.13913
4.13913
4.1445
4.1445
4.13913
4.13913
4.11912
4.11912
4.11814
4.11814
4.1323
4.1323
4.13278
4.13278
4.15474
4.15474
4.14596
4.14596
4.12888
4.12888
4.11814
4.11814
4.13571
4.13571
4.14498
4.14498
4.13718
4.13718
4.14108
4.14108
4.13132
4.13132
4.12254
4.12254
4.1362
4.1362
4.1445
4.1445
4.1362
4.1362
4.13669
4.13669
4.11814
4.11814
4.13571
4.13571
4.15035
4.15035
4.15133
4.15133
4.13864
4.13864
4.13181
4.13181
4.12205
4.12205
4.14352
4.14352
4.15474
4.15474
4.13766
4.13766
4.13913
4.13913
4.12351
4.12351
4.13571
4.13571
4.13718
4.13718
4.14157
4.14157
4.14352
4.14352
4.12351
4.12351
4.1362
4.1362
4.12351
4.12351
4.14742
4.14742
4.15816
4.15816
4.14303
4.14303
4.12205
4.12205
4.12839
4.12839
4.13766
4.13766
4.1484
4.1484
4.13766
4.13766
4.13278
4.13278
4.14108
4.14108
4.13132
4.13132
4.13669
4.13669
4.14059
4.14059
4.15182
4.15182
4.1401
4.1401
4.12205
4.12205
4.12644
4.12644
4.13766
4.13766
4.14889
4.14889
4.14401
4.14401
4.13034
4.13034
4.1279
4.1279
4.12254
4.12254
4.15377
4.15377
4.15084
4.15084
4.15523
4.15523
4.13864
4.13864
4.12156
4.12156
4.14352
4.14352
4.14742
4.14742
4.1401
4.1401
4.13669
4.13669
4.11961
4.11961
4.12839
4.12839
4.13962
4.13962
4.14206
4.14206
4.14938
4.14938
4.13376
4.13376
4.13034
4.13034
4.12742
4.12742
4.13181
4.13181
4.15084
4.15084
4.13815
4.13815
4.13766
4.13766
4.12058
4.12058
4.1323
4.1323
4.14401
4.14401
4.14157
4.14157
4.1323
4.1323
4.12937
4.12937
4.13718
4.13718
4.13815
4.13815
4.14206
4.14206
4.13913
4.13913
4.12498
4.12498
4.13132
4.13132
4.13083
4.13083
4.1445
4.1445
4.13522
4.13522
4.14254
4.14254
4.12156
4.12156
4.12888
4.12888
4.14596
4.14596
4.14742
4.14742
4.13864
4.13864
4.13376
4.13376
4.11912
4.11912
4.13181
4.13181
4.13962
4.13962
4.14596
4.14596
4.12839
4.12839
4.14254
4.14254
4.12107
4.12107
4.12595
4.12595
4.15133
4.15133
4.14059
4.14059
4.12449
4.12449
4.13571
4.13571
4.13132
4.13132
4.15035
4.15035
4.14401
4.14401
4.13864
4.13864
4.12107
4.12107
4.15328
4.15328
4.15035
4.15035
4.13913
4.13913
4.12254
4.12254
4.13718
4.13718
4.1362
4.1362
4.13864
4.13864
4.15279
4.15279
4.12351
4.12351
4.12693
4.12693
4.13522
4.13522
4.1445
4.1445
4.14059
4.14059
4.13913
4.13913
4.12546
4.12546
4.12107
4.12107
4.12937
4.12937
4.14596
4.14596
4.14547
4.14547
4.12742
4.12742
4.12546
4.12546
4.13913
4.13913
4.14694
4.14694
4.13376
4.13376
4.14206
4.14206
4.11668
4.11668
4.13522
4.13522
4.12449
4.12449
4.13766
4.13766
4.15084
4.15084
4.14938
4.14938
4.13669
4.13669
4.12498
4.12498
4.11961
4.11961
4.13962
4.13962
4.13718
4.13718
4.14059
4.14059
4.14108
4.14108
4.1362
4.1362
4.13474
4.13474
4.1323
4.1323
4.14547
4.14547
4.14986
4.14986
4.12498
4.12498
4.12351
4.12351
4.13327
4.13327
4.1445
4.1445
4.1484
4.1484
4.13913
4.13913
4.1401
4.1401
4.12107
4.12107
4.12693
4.12693
4.13571
4.13571
4.15377
4.15377
4.14254
4.14254
4.11522
