5.18683
5.18683
5.18683
5.18683
5.10155
5.10155
3.80756
3.80756
3.80756
3.80756
3.80757
3.80757
5.10159
5.10159
3.80756
3.80756
5.10155
5.10155
3.80756
3.80756
5.10152
5.10152
3.80756
3.80756
5.10149
5.10149
3.80755
3.80755
5.10146
5.10146
3.80755
3.80755
5.10143
5.10143
3.80755
3.80755
5.10139
5.10139
3.80754
3.80754
5.10136
5.10136
3.80754
3.80754
5.10133
5.10133
3.80754
3.80754
5.1013
5.1013
3.80753
3.80753
5.10126
5.10126
3.80753
3.80753
5.10123
5.10123
3.80753
3.80753
5.1012
5.1012
3.80752
3.80752
5.10117
5.10117
3.80752
3.80752
5.10114
5.10114
3.80752
3.80752
5.1011
5.1011
3.80751
3.80751
5.10107
5.10107
3.80751
3.80751
5.10104
5.10104
3.80751
3.80751
5.10101
5.10101
3.8075
3.8075
5.10097
5.10097
3.8075
3.8075
5.10094
5.10094
3.8075
3.8075
5.10091
5.10091
3.80749
3.80749
5.10088
5.10088
3.80749
3.80749
5.10085
5.10085
3.80749
3.80749
5.10081
5.10081
3.80748
3.80748
5.10078
5.10078
3.80748
3.80748
5.10075
5.10075
3.80748
3.80748
5.10072
5.10072
3.80747
3.80747
5.10069
5.10069
3.80747
3.80747
5.10065
5.10065
3.80747
3.80747
5.10062
5.10062
3.80746
3.80746
5.10059
5.10059
3.80746
3.80746
5.10056
5.10056
3.80746
3.80746
5.10052
5.10052
3.80745
3.80745
5.10049
5.10049
3.80745
3.80745
5.10046
5.10046
3.80745
3.80745
5.10043
5.10043
3.80744
3.80744
5.1004
5.1004
3.80744
3.80744
5.10036
5.10036
3.80744
3.80744
5.10033
5.10033
3.80743
3.80743
5.1003
5.1003
3.80743
3.80743
5.10027
5.10027
3.80743
3.80743
5.10023
5.10023
3.80742
3.80742
5.1002
5.1002
3.80742
3.80742
5.10017
5.10017
3.80742
3.80742
5.10014
5.10014
3.80741
3.80741
5.10011
5.10011
3.80741
3.80741
5.10007
5.10007
3.80741
3.80741
5.10004
5.10004
3.8074
3.8074
5.10001
5.10001
3.8074
3.8074
5.09998
5.09998
3.8074
3.8074
5.09995
5.09995
3.80739
3.80739
5.09991
5.09991
3.80739
3.80739
5.09988
5.09988
3.80739
3.80739
5.09985
5.09985
3.80738
3.80738
5.09982
5.09982
3.80738
3.80738
5.09978
5.09978
3.80738
3.80738
5.09975
5.09975
3.80737
3.80737
5.09972
5.09972
3.80737
3.80737
5.09969
5.09969
3.80737
3.80737
5.09966
5.09966
3.80736
3.80736
5.09962
5.09962
3.80736
3.80736
5.09959
5.09959
3.80736
3.80736
5.09956
5.09956
3.80735
3.80735
5.09953
5.09953
3.80735
3.80735
5.09949
5.09949
3.80735
3.80735
5.09946
5.09946
3.80734
3.80734
5.09943
5.09943
3.80734
3.80734
5.0994
5.0994
3.80734
3.80734
5.09937
5.09937
3.80733
3.80733
5.09933
5.09933
3.80733
3.80733
5.0993
5.0993
3.80733
3.80733
5.09927
5.09927
3.80732
3.80732
5.09924
5.09924
3.80732
3.80732
5.0992
5.0992
3.80732
3.80732
5.09917
5.09917
3.80731
3.80731
5.09914
5.09914
3.80731
3.80731
5.09911
5.09911
3.80731
3.80731
5.09908
5.09908
3.8073
3.8073
5.09904
5.09904
3.8073
3.8073
5.09901
5.09901
3.8073
3.8073
5.09898
5.09898
3.80729
3.80729
5.09895
5.09895
3.80729
3.80729
5.09891
5.09891
3.80729
3.80729
5.09888
5.09888
3.80728
3.80728
5.09885
5.09885
3.80728
3.80728
5.09882
5.09882
3.80728
3.80728
5.09879
5.09879
3.80727
3.80727
5.09875
5.09875
3.80727
3.80727
5.09872
5.09872
3.80727
3.80727
5.09869
5.09869
3.80726
3.80726
5.09866
5.09866
3.80726
3.80726
5.09862
5.09862
3.80726
3.80726
5.09859
5.09859
3.80725
3.80725
5.09856
5.09856
3.80725
3.80725
5.09853
5.09853
3.80725
3.80725
5.0985
5.0985
3.80724
3.80724
5.09846
5.09846
3.80724
3.80724
5.09843
5.09843
3.80724
3.80724
5.0984
5.0984
3.80723
3.80723
5.09837
5.09837
3.80723
3.80723
5.09833
5.09833
3.80723
3.80723
5.0983
5.0983
3.80722
3.80722
5.09827
5.09827
3.80722
3.80722
5.09824
5.09824
3.80722
3.80722
5.09821
5.09821
3.80721
3.80721
5.09817
5.09817
3.80721
3.80721
5.09813
5.09813
3.8072
3.8072
5.09808
5.09808
3.8072
3.8072
5.09803
5.09803
3.8072
3.8072
5.098
5.098
3.80719
3.80719
5.09797
5.09797
3.80719
3.80719
5.09793
5.09793
3.80719
3.80719
5.0979
5.0979
3.80718
3.80718
5.09788
5.09788
3.80718
3.80718
5.49777
5.49777
3.80717
3.80717
6.33468
6.33468
5.49771
5.49771
5.49769
5.49769
5.49767
5.49767
5.49766
5.49766
5.49764
5.49764
4.89833
4.89833
4.89832
4.89832
4.89831
4.89831
3.80713
3.80713
4.89827
4.89827
3.80713
3.80713
4.89824
4.89824
3.80713
3.80713
4.89821
4.89821
3.80712
3.80712
4.89819
4.89819
3.80712
3.80712
4.89816
4.89816
3.80711
3.80711
4.89813
4.89813
3.80711
3.80711
5.49756
5.49756
3.80711
3.80711
5.49753
5.49753
3.8071
3.8071
4.59913
4.59913
4.59912
4.59912
4.59911
4.59911
4.5991
4.5991
4.59909
4.59909
3.80705
3.80705
4.59907
4.59907
3.80705
3.80705
4.59905
4.59905
3.80705
3.80705
4.59903
4.59903
3.80704
3.80704
4.599
4.599
3.80704
3.80704
4.59898
4.59898
3.80703
3.80703
4.59896
4.59896
3.80703
3.80703
4.59894
4.59894
3.80703
3.80703
4.59892
4.59892
3.80702
3.80702
4.59889
4.59889
3.80702
3.80702
4.59887
4.59887
3.80702
3.80702
4.59885
4.59885
3.80701
3.80701
4.59883
4.59883
3.80701
3.80701
4.59881
4.59881
3.80701
3.80701
4.59879
4.59879
3.807
3.807
4.59877
4.59877
3.807
3.807
4.59874
4.59874
3.807
3.807
4.59872
4.59872
3.80699
3.80699
4.5987
4.5987
3.80699
3.80699
4.59868
4.59868
3.80699
3.80699
4.59866
4.59866
3.80698
3.80698
4.59863
4.59863
3.80698
3.80698
4.59861
4.59861
3.80698
3.80698
4.59859
4.59859
3.80697
3.80697
4.59857
4.59857
3.80697
3.80697
4.59855
4.59855
3.80697
3.80697
4.59852
4.59852
3.80696
3.80696
4.5985
4.5985
3.80696
3.80696
4.59848
4.59848
3.80696
3.80696
4.59846
4.59846
3.80695
3.80695
4.59844
4.59844
3.80695
3.80695
4.59841
4.59841
3.80695
3.80695
4.59839
4.59839
3.80694
3.80694
4.59837
4.59837
3.80694
3.80694
4.59835
4.59835
3.80694
3.80694
4.59833
4.59833
3.80693
3.80693
4.59831
4.59831
3.80693
3.80693
4.59828
4.59828
3.80693
3.80693
4.59826
4.59826
3.80692
3.80692
4.59824
4.59824
3.80692
3.80692
4.59822
4.59822
3.80692
3.80692
4.5982
4.5982
3.80691
3.80691
4.59817
4.59817
3.80691
3.80691
4.59815
4.59815
3.80691
3.80691
4.59813
4.59813
3.8069
3.8069
4.59811
4.59811
3.8069
3.8069
4.59809
4.59809
3.8069
3.8069
4.59806
4.59806
3.80689
3.80689
4.59804
4.59804
3.80689
3.80689
4.59802
4.59802
3.80689
3.80689
4.598
4.598
3.80688
3.80688
4.59798
4.59798
3.80688
3.80688
4.59795
4.59795
3.80688
3.80688
4.59793
4.59793
3.80687
3.80687
4.59791
4.59791
3.80687
3.80687
4.59789
4.59789
3.80687
3.80687
4.59787
4.59787
3.80686
3.80686
4.59785
4.59785
3.80686
3.80686
4.59782
4.59782
3.80686
3.80686
4.5978
4.5978
3.80685
3.80685
4.59778
4.59778
3.80685
3.80685
4.59776
4.59776
3.80685
3.80685
4.59774
4.59774
3.80684
3.80684
4.59771
4.59771
3.80684
3.80684
4.59769
4.59769
3.80684
3.80684
4.59767
4.59767
3.80683
3.80683
4.59765
4.59765
3.80683
3.80683
4.59763
4.59763
3.80683
3.80683
4.59761
4.59761
3.80682
3.80682
4.59758
4.59758
3.80682
3.80682
4.59756
4.59756
3.80682
3.80682
4.59754
4.59754
3.80681
3.80681
4.59752
4.59752
3.80681
3.80681
4.5975
4.5975
3.80681
3.80681
4.59747
4.59747
3.8068
3.8068
4.59745
4.59745
3.8068
3.8068
4.59743
4.59743
3.8068
3.8068
4.59741
4.59741
3.80679
3.80679
4.59739
4.59739
3.80679
3.80679
4.59736
4.59736
3.80679
3.80679
4.59734
4.59734
4.59734
4.59734
3.80633
3.80633
4.59434
4.59434
3.80632
3.80632
4.59432
4.59432
4.59432
4.59432
4.59436
4.59436
3.80633
3.80633
4.59434
4.59434
3.80632
3.80632
4.59432
4.59432
3.80632
3.80632
4.5943
4.5943
3.80632
3.80632
4.59428
4.59428
3.80631
3.80631
4.59425
4.59425
3.80631
3.80631
4.59423
4.59423
3.80631
3.80631
4.59421
4.59421
3.8063
3.8063
4.59419
4.59419
3.8063
3.8063
4.59417
4.59417
3.8063
3.8063
4.59415
4.59415
3.80629
3.80629
4.59412
4.59412
3.80629
3.80629
4.5941
4.5941
3.80629
3.80629
4.59408
4.59408
3.80628
3.80628
4.59406
4.59406
3.80628
3.80628
4.59404
4.59404
3.80628
3.80628
4.59402
4.59402
3.80627
3.80627
4.59399
4.59399
3.80627
3.80627
4.59397
4.59397
3.80627
3.80627
4.59395
4.59395
3.80626
3.80626
4.59393
4.59393
3.80626
3.80626
4.59391
4.59391
3.80626
3.80626
4.59388
4.59388
3.80625
3.80625
4.59386
4.59386
3.80625
3.80625
4.59384
4.59384
3.80625
3.80625
4.59382
4.59382
3.80624
3.80624
4.5938
4.5938
3.80624
3.80624
4.59378
4.59378
3.80624
3.80624
4.59375
4.59375
3.80623
3.80623
4.59373
4.59373
3.80623
3.80623
4.59371
4.59371
3.80623
3.80623
4.59369
4.59369
3.80622
3.80622
4.59367
4.59367
3.80622
3.80622
4.59365
4.59365
3.80622
3.80622
4.59362
4.59362
3.80621
3.80621
4.5936
4.5936
3.80621
3.80621
4.59358
4.59358
3.80621
3.80621
4.59356
4.59356
3.8062
3.8062
4.59354
4.59354
3.8062
3.8062
4.59351
4.59351
3.8062
3.8062
4.59349
4.59349
3.80619
3.80619
4.59347
4.59347
3.80619
3.80619
4.59345
4.59345
3.80619
3.80619
4.59343
4.59343
3.80618
3.80618
4.59341
4.59341
3.80618
3.80618
4.59338
4.59338
3.80618
3.80618
4.59336
4.59336
3.80617
3.80617
4.59334
4.59334
3.80617
3.80617
4.59332
4.59332
3.80617
3.80617
4.5933
4.5933
3.80616
3.80616
4.59328
4.59328
3.80616
3.80616
4.59325
4.59325
3.80616
3.80616
4.59323
4.59323
3.80615
3.80615
4.59321
4.59321
3.80615
3.80615
4.59319
4.59319
3.80615
3.80615
4.59317
4.59317
3.80614
3.80614
4.59314
4.59314
3.80614
3.80614
4.59312
4.59312
3.80614
3.80614
4.5931
4.5931
3.80613
3.80613
4.59308
4.59308
3.80613
3.80613
4.59306
4.59306
3.80613
3.80613
4.59303
4.59303
3.80612
3.80612
4.59301
4.59301
3.80612
3.80612
4.59299
4.59299
3.80612
3.80612
4.59297
4.59297
3.80611
3.80611
4.59295
4.59295
3.80611
3.80611
4.59293
4.59293
3.80611
3.80611
4.5929
4.5929
3.8061
3.8061
4.59288
4.59288
3.8061
3.8061
4.59286
4.59286
3.8061
3.8061
4.59284
4.59284
3.80609
3.80609
4.59282
4.59282
3.80609
3.80609
4.5928
4.5928
3.80609
3.80609
4.59277
4.59277
3.80608
3.80608
4.59275
4.59275
3.80608
3.80608
4.59273
4.59273
3.80608
3.80608
4.59271
4.59271
3.80607
3.80607
4.59269
4.59269
3.80607
3.80607
4.59266
4.59266
3.80607
3.80607
4.59264
4.59264
3.80606
3.80606
4.59262
4.59262
3.80606
3.80606
4.5926
4.5926
3.80606
3.80606
4.59258
4.59258
3.80605
3.80605
4.59256
4.59256
3.80605
3.80605
4.59253
4.59253
3.80605
3.80605
4.59251
4.59251
3.80604
3.80604
4.59249
4.59249
3.80604
3.80604
4.59247
4.59247
3.80604
3.80604
4.59244
4.59244
3.80603
3.80603
4.59242
4.59242
3.80603
3.80603
4.5924
4.5924
3.80603
3.80603
4.59238
4.59238
3.80602
3.80602
4.59236
4.59236
3.80602
3.80602
4.59234
4.59234
3.80602
3.80602
4.59231
4.59231
3.80601
3.80601
4.59229
4.59229
3.80601
3.80601
4.59227
4.59227
3.806
3.806
4.59225
4.59225
3.806
3.806
4.59223
4.59223
3.806
3.806
4.5922
4.5922
3.80599
3.80599
4.59218
4.59218
3.80599
3.80599
4.59216
4.59216
3.80599
3.80599
4.59214
4.59214
3.80598
3.80598
4.59212
4.59212
3.80598
3.80598
4.59209
4.59209
3.80598
3.80598
4.59207
4.59207
3.80597
3.80597
4.59205
4.59205
3.80597
3.80597
4.59203
4.59203
3.80597
3.80597
4.59201
4.59201
3.80596
3.80596
4.59198
4.59198
3.80596
3.80596
4.59196
4.59196
3.80596
3.80596
4.59194
4.59194
3.80595
3.80595
4.59192
4.59192
3.80595
3.80595
4.5919
4.5919
3.80595
3.80595
4.59188
4.59188
3.80594
3.80594
4.59185
4.59185
3.80594
3.80594
4.59183
4.59183
3.80594
3.80594
4.59181
4.59181
3.80593
3.80593
4.59179
4.59179
3.80593
3.80593
4.59177
4.59177
3.80593
3.80593
4.59174
4.59174
3.80592
3.80592
4.59172
4.59172
3.80592
3.80592
4.5917
4.5917
3.80592
3.80592
4.59168
4.59168
3.80591
3.80591
4.59166
4.59166
3.80591
3.80591
4.59164
4.59164
3.80591
3.80591
4.59162
4.59162
3.8059
3.8059
4.59159
4.59159
3.8059
3.8059
4.59157
4.59157
3.8059
3.8059
4.59155
4.59155
3.80589
3.80589
4.59153
4.59153
3.80589
3.80589
4.59151
4.59151
3.80589
3.80589
4.59148
4.59148
3.80588
3.80588
4.59146
4.59146
3.80588
3.80588
4.59144
4.59144
3.80588
3.80588
4.59142
4.59142
3.80587
3.80587
4.5914
4.5914
3.80587
3.80587
4.59138
4.59138
3.80587
3.80587
4.59135
4.59135
3.80586
3.80586
4.59133
4.59133
3.80586
3.80586
4.59131
4.59131
3.80586
3.80586
4.59129
4.59129
3.80585
3.80585
4.59127
4.59127
3.80585
3.80585
4.59125
4.59125
3.80585
3.80585
4.59122
4.59122
3.80584
3.80584
4.5912
4.5912
3.80584
3.80584
4.59118
4.59118
3.80584
3.80584
4.59116
4.59116
3.80583
3.80583
4.59114
4.59114
3.80583
3.80583
4.59111
4.59111
3.80583
3.80583
4.59109
4.59109
3.80582
3.80582
4.59107
4.59107
3.80582
3.80582
4.59105
4.59105
3.80582
3.80582
4.59103
4.59103
3.80581
3.80581
4.591
4.591
3.80581
3.80581
4.59098
4.59098
3.80581
3.80581
4.59096
4.59096
3.8058
