4.13376
4.13376
4.1201
4.1201
4.13132
4.13132
4.15816
4.15816
4.14547
4.14547
4.1279
4.1279
4.13474
4.13474
4.15914
4.15914
4.13181
4.13181
4.124
4.124
4.11619
4.11619
4.16353
4.16353
4.16011
4.16011
4.1401
4.1401
4.12449
4.12449
4.13278
4.13278
4.14742
4.14742
4.14303
4.14303
4.12351
4.12351
4.13425
4.13425
4.14645
4.14645
4.15816
4.15816
4.15084
4.15084
4.13327
4.13327
4.11961
4.11961
4.13181
4.13181
4.14694
4.14694
4.14352
4.14352
4.13132
4.13132
4.13718
4.13718
4.15523
4.15523
4.1401
4.1401
4.11473
4.11473
4.13181
4.13181
4.1523
4.1523
4.14547
4.14547
4.13864
4.13864
4.12742
4.12742
4.14206
4.14206
4.15084
4.15084
4.13034
4.13034
4.12058
4.12058
4.13571
4.13571
4.14742
4.14742
4.13864
4.13864
4.12449
4.12449
4.14498
4.14498
4.14401
4.14401
4.1323
4.1323
4.13181
4.13181
4.13474
4.13474
4.1362
4.1362
4.13327
4.13327
4.12839
4.12839
4.13571
4.13571
4.14742
4.14742
4.15035
4.15035
4.14596
4.14596
4.13327
4.13327
4.12937
4.12937
4.15377
4.15377
4.14694
4.14694
4.1279
4.1279
4.14645
4.14645
4.15328
4.15328
4.1401
4.1401
4.13669
4.13669
4.12839
4.12839
4.13864
4.13864
4.13864
4.13864
4.14206
4.14206
4.13132
4.13132
4.13425
4.13425
4.14694
4.14694
4.14059
4.14059
4.11766
4.11766
4.12351
4.12351
4.14352
4.14352
4.14303
4.14303
4.12351
4.12351
4.1445
4.1445
4.15328
4.15328
4.1445
4.1445
4.13083
4.13083
4.1201
4.1201
4.13474
4.13474
4.14645
4.14645
4.13815
4.13815
4.12058
4.12058
4.14401
4.14401
4.15279
4.15279
4.1323
4.1323
4.1157
4.1157
4.12742
4.12742
4.15133
4.15133
4.14547
4.14547
4.11619
4.11619
4.124
4.124
4.14303
4.14303
4.15035
4.15035
4.13815
4.13815
4.12107
4.12107
4.13327
4.13327
4.15182
4.15182
4.14254
4.14254
4.11863
4.11863
4.13522
4.13522
4.1362
4.1362
4.14986
4.14986
4.13474
4.13474
4.12595
4.12595
4.14303
4.14303
4.14889
4.14889
4.13327
4.13327
4.1279
4.1279
4.15426
4.15426
4.14157
4.14157
4.14206
4.14206
4.13278
4.13278
4.13571
4.13571
4.14986
4.14986
4.13083
4.13083
4.11814
4.11814
4.14742
4.14742
4.13962
4.13962
4.11863
4.11863
4.13571
4.13571
4.14742
4.14742
4.15035
4.15035
4.13083
4.13083
4.14645
4.14645
4.13766
4.13766
4.12937
4.12937
4.15621
4.15621
4.13669
4.13669
4.10399
4.10399
4.13278
4.13278
4.17231
4.17231
4.16304
4.16304
4.11717
4.11717
4.11766
4.11766
4.15914
4.15914
4.15182
4.15182
4.11863
4.11863
4.10936
4.10936
4.13913
4.13913
4.17085
4.17085
4.14254
4.14254
4.11912
4.11912
4.13083
4.13083
4.1606
4.1606
4.12644
4.12644
4.11473
4.11473
4.12937
4.12937
4.15865
4.15865
4.16402
4.16402
4.13522
4.13522
4.12107
4.12107
4.13669
4.13669
4.1484
4.1484
4.13327
4.13327
4.1201
4.1201
4.13278
4.13278
4.15914
4.15914
4.15377
4.15377
4.12839
4.12839
4.13034
4.13034
4.1362
4.1362
4.14206
4.14206
4.12839
4.12839
4.12302
4.12302
4.14303
4.14303
4.15523
4.15523
4.14742
4.14742
4.12498
4.12498
4.12742
4.12742
4.14059
4.14059
4.12351
4.12351
4.1279
4.1279
4.13669
4.13669
4.15377
4.15377
4.14791
4.14791
4.13181
4.13181
4.13034
4.13034
4.14254
4.14254
4.14206
4.14206
4.12888
4.12888
4.13962
4.13962
4.14694
4.14694
4.14498
4.14498
4.12302
4.12302
4.12644
4.12644
4.1401
4.1401
4.14645
4.14645
4.1323
4.1323
4.11961
4.11961
4.14303
4.14303
4.15816
4.15816
4.14206
4.14206
4.12644
4.12644
4.12986
4.12986
4.1362
4.1362
4.14498
4.14498
4.12156
4.12156
4.13766
4.13766
4.1767
4.1767
4.16206
4.16206
4.14694
4.14694
4.10985
4.10985
4.14157
4.14157
4.12107
4.12107
4.11863
4.11863
4.10594
4.10594
6.75481
6.75481
8.16464
8.16464
4.35336
4.35336
4.20257
4.20257
4.9697
4.9697
5.0107
5.0107
4.19183
4.19183
2.98403
2.98403
3.0465
3.0465
3.44178
3.44178
3.74873
3.74873
2.91718
2.91718
3.55743
3.55743
3.7663
3.7663
3.88732
3.88732
3.44324
3.44324
3.65357
3.65357
3.85023
3.85023
3.75605
3.75605
3.94832
3.94832
4.06105
4.06105
4.02738
4.02738
3.8395
3.8395
3.697
3.697
3.86536
3.86536
4.28065
4.28065
3.8595
3.8595
3.81558
3.81558
3.96247
3.96247
4.0181
4.0181
4.23868
4.23868
4.25234
4.25234
3.99029
3.99029
3.94832
3.94832
4.32847
4.32847
4.0264
4.0264
4.29041
4.29041
4.2621
4.2621
3.94393
3.94393
4.2255
4.2255
4.18646
4.18646
4.09179
4.09179
4.07227
4.07227
4.19574
4.19574
4.34653
4.34653
4.0469
4.0469
4.11229
4.11229
4.23087
4.23087
4.28602
4.28602
4.06544
4.06544
4.0835
4.0835
4.21916
4.21916
4.20159
4.20159
4.33238
4.33238
4.11473
4.11473
4.26357
4.26357
4.09521
4.09521
4.2704
4.2704
4.28358
4.28358
4.32164
4.32164
4.25576
4.25576
4.22062
4.22062
4.25966
4.25966
4.08545
4.08545
4.18549
4.18549
4.12498
4.12498
4.29968
4.29968
4.17817
4.17817
4.2743
4.2743
4.24356
4.24356
4.2255
4.2255
4.15962
4.15962
4.15279
4.15279
4.18256
4.18256
4.14694
4.14694
4.1606
4.1606
4.18451
4.18451
4.19037
4.19037
4.17719
4.17719
4.19183
4.19183
4.09082
4.09082
4.21086
4.21086
4.08594
4.08594
4.1201
4.1201
4.10204
4.10204
4.13278
4.13278
4.17817
4.17817
4.18793
4.18793
4.11082
4.11082
4.13474
4.13474
4.10448
4.10448
4.1035
4.1035
4.15523
4.15523
4.16597
4.16597
4.13864
4.13864
4.10546
4.10546
4.13278
4.13278
4.20403
4.20403
4.19818
4.19818
4.07715
4.07715
4.07862
4.07862
4.16011
4.16011
4.20598
4.20598
4.0874
4.0874
4.08154
4.08154
4.08984
4.08984
4.18012
4.18012
4.19037
4.19037
4.12693
4.12693
4.0752
4.0752
4.04982
4.04982
4.13376
4.13376
4.13913
4.13913
4.17866
4.17866
4.12546
4.12546
4.10936
4.10936
4.11814
4.11814
4.08106
4.08106
4.10838
4.10838
4.11326
4.11326
4.12693
4.12693
4.13718
4.13718
4.12498
4.12498
4.11082
4.11082
4.17817
4.17817
4.14742
4.14742
4.17182
4.17182
4.09374
4.09374
4.11326
4.11326
4.1279
4.1279
4.13522
4.13522
4.15718
4.15718
4.13571
4.13571
4.12888
4.12888
4.11717
4.11717
4.14596
4.14596
4.13034
4.13034
4.13181
4.13181
4.12058
4.12058
4.1079
4.1079
4.16548
4.16548
4.14938
4.14938
4.15182
4.15182
4.10204
4.10204
4.10887
4.10887
4.16206
4.16206
4.13522
4.13522
4.15621
4.15621
4.16841
4.16841
4.16206
4.16206
4.12937
4.12937
4.17866
4.17866
4.08642
4.08642
4.12449
4.12449
4.1645
4.1645
4.15328
4.15328
4.13181
4.13181
4.15523
4.15523
4.12986
4.12986
4.12058
4.12058
4.14596
4.14596
4.11082
4.11082
4.11863
4.11863
4.14596
4.14596
4.1645
4.1645
4.11375
4.11375
4.13522
4.13522
4.13669
4.13669
4.15133
4.15133
4.12888
4.12888
4.13034
4.13034
4.1323
4.1323
4.1279
4.1279
4.15133
4.15133
4.1362
4.1362
4.15377
4.15377
4.12498
4.12498
4.12693
4.12693
4.1157
4.1157
4.15426
4.15426
4.13718
4.13718
4.15328
4.15328
4.1201
4.1201
4.15474
4.15474
4.14742
4.14742
4.13669
4.13669
4.1401
4.1401
4.12595
4.12595
4.12693
4.12693
4.14791
4.14791
4.14254
4.14254
4.11717
4.11717
4.12449
4.12449
4.15962
4.15962
4.13815
4.13815
4.11912
4.11912
4.13522
4.13522
4.12205
4.12205
4.13864
4.13864
4.12644
4.12644
4.13083
4.13083
4.14303
4.14303
4.15279
4.15279
4.12351
4.12351
4.11424
4.11424
4.13522
4.13522
4.15621
4.15621
4.15865
4.15865
4.14059
4.14059
4.11522
4.11522
4.12595
4.12595
4.14986
4.14986
4.14889
4.14889
4.10692
4.10692
4.13034
4.13034
4.14791
4.14791
4.14938
4.14938
4.12546
4.12546
4.1323
4.1323
4.14938
4.14938
4.1401
4.1401
4.12742
4.12742
4.13522
4.13522
4.14791
4.14791
4.13474
4.13474
4.12302
4.12302
4.13181
4.13181
4.13181
4.13181
4.12058
4.12058
4.13278
4.13278
4.14157
4.14157
4.14401
4.14401
4.13474
4.13474
4.13474
4.13474
4.12058
4.12058
4.13278
4.13278
4.14157
4.14157
4.14401
4.14401
4.13474
4.13474
4.13766
4.13766
4.15426
4.15426
4.13766
4.13766
4.11473
4.11473
4.13522
4.13522
4.15084
4.15084
4.13962
4.13962
4.11814
4.11814
4.12839
4.12839
4.15474
4.15474
4.14889
4.14889
4.13327
4.13327
4.12839
4.12839
4.15133
4.15133
4.13278
4.13278
4.12449
4.12449
4.14498
4.14498
4.1401
4.1401
4.12449
4.12449
4.11863
4.11863
4.1323
4.1323
4.15523
4.15523
4.13766
4.13766
4.12205
4.12205
4.11814
4.11814
4.15279
4.15279
4.14401
4.14401
4.13913
4.13913
4.11814
4.11814
4.12644
4.12644
4.1523
4.1523
4.14303
4.14303
4.11912
4.11912
4.13083
4.13083
4.14498
4.14498
4.13474
4.13474
4.12595
4.12595
4.13571
4.13571
4.13815
4.13815
4.14547
4.14547
4.12449
4.12449
4.12644
4.12644
4.14596
4.14596
4.13718
4.13718
4.11668
4.11668
4.13376
4.13376
4.14889
4.14889
4.13766
4.13766
4.11619
4.11619
4.124
4.124
4.1323
4.1323
4.14645
