3.98684
3.98684
3.98684
3.98684
3.98684
3.98684
3.98684
3.98684
3.98684
3.98684
3.98684
3.98684
3.98684
3.98684
3.98684
3.98684
3.98684
3.98684
3.98684
3.98684
3.98684
3.98684
3.98684
3.98684
3.98684
3.98684
3.98684
3.98684
3.98684
3.98684
3.98684
3.98684
3.98684
3.98684
3.98684
3.98684
3.98684
3.98684
3.98684
3.98684
3.98684
3.98684
3.98684
3.98684
3.98684
3.98684
3.98684
3.98684
3.98684
3.98684
3.98684
3.98684
3.98684
3.98684
3.98684
3.98684
3.98684
3.98684
3.98684
3.98684
3.98684
3.98684
3.98684
3.98684
3.98684
3.98684
3.98684
3.98684
3.98684
3.98684
3.98684
3.98684
3.98684
3.98684
3.98684
3.98684
3.98684
3.98684
3.98684
3.98684
3.98684
3.98684
3.98684
3.98684
3.98684
3.98684
3.98684
3.98684
3.98684
3.98684
3.98684
3.98684
3.98684
3.98684
3.98684
3.98684
3.98684
3.98684
3.98684
3.98684
3.98684
3.98684
3.98684
3.98684
3.98684
3.98684
3.98684
3.98684
3.98684
3.98684
3.98684
3.98684
3.98684
3.98684
3.98684
3.98684
3.98684
3.98684
3.98684
3.98684
3.98684
3.98684
3.98684
3.98684
3.98684
3.98684
3.98684
3.98684
3.98684
3.98684
3.98684
3.98684
3.98684
3.98684
3.98684
3.98684
3.98684
3.98684
3.98684
3.98684
3.98684
3.98684
3.98684
3.98684
3.98684
3.98684
3.98684
3.98684
3.98684
3.98684
3.98684
3.98684
3.98684
3.98684
3.98684
3.98684
3.98684
3.98684
3.98684
3.98684
3.98684
3.98684
3.98684
3.98684
3.98684
3.98684
3.98684
3.98684
3.98684
3.98684
3.98684
3.98684
3.98684
3.98684
3.98684
3.98684
3.98684
3.98684
3.98684
3.98684
3.98684
3.98684
3.98684
3.98684
3.98684
3.98684
3.98684
3.98684
3.98684
3.98684
3.98684
3.98684
3.98684
3.98684
3.98684
3.98684
3.98684
3.98684
3.98684
3.98684
3.98684
3.98684
3.98684
3.98684
3.98684
3.98684
3.98684
3.98684
3.98684
3.98684
3.98684
3.98684
3.98684
3.98684
3.98684
3.98684
3.98684
3.98684
3.98684
3.98684
3.98684
3.98684
3.98684
3.98684
3.98684
3.98684
3.98684
3.98684
3.98684
3.98684
3.98684
3.98684
3.98684
3.98684
3.98684
3.98684
3.98684
3.98684
3.98684
3.98684
3.98684
3.98684
3.98684
3.98684
3.98684
3.98684
3.98684
3.98684
3.98684
3.98684
3.98684
3.98684
3.98684
3.98684
3.98684
3.98684
3.98684
3.98684
3.98684
3.98684
3.98684
3.98684
3.98684
3.98684
3.98684
3.98684
3.98684
3.98684
3.98684
3.98684
3.98684
3.98684
3.98684
3.98684
3.98684
3.98684
3.98684
3.98684
3.98684
3.98684
3.98684
3.98684
3.98684
3.98684
3.98684
3.98684
3.98684
3.98684
3.98684
3.98684
3.98684
3.98684
3.98684
3.98684
3.98684
3.98684
3.98684
3.98684
3.98684
3.98684
3.98684
3.98684
3.98684
3.98684
3.98684
3.98684
3.98684
3.98684
3.98684
3.98684
3.98684
3.98684
3.98684
3.98684
3.98684
3.98684
3.98684
3.98684
3.98684
3.98684
3.98684
3.98684
3.98684
3.98684
3.98684
3.98684
3.98684
3.98684
3.98684
3.98684
3.98684
3.98684
3.98684
3.98684
3.98684
3.98684
3.98684
3.98684
3.98684
3.98684
3.98684
3.98684
3.98684
3.98684
3.98684
3.98684
3.98684
3.98684
3.98684
3.98684
3.98684
3.98684
3.98684
3.98684
3.98684
3.98684
3.98684
3.98684
3.98684
3.98684
3.98684
3.98684
3.98684
3.98684
3.98684
3.98684
3.98684
3.98684
3.98684
3.98684
3.98684
3.98684
3.98684
3.98684
3.98684
3.98684
3.98684
3.98684
3.98684
3.98684
3.98684
3.98684
3.98684
3.98684
3.98684
3.98684
3.98684
3.98684
3.98684
3.98684
3.98684
3.98684
3.98684
3.98684
3.98684
3.98684
3.98684
3.98684
3.98684
3.98684
3.98684
3.98684
3.98684
3.98684
3.98684
3.98684
3.98684
3.98684
3.98684
3.98684
3.98684
3.98684
3.98684
3.98684
3.98684
3.98684
3.98684
3.98684
3.98684
3.98684
3.98684
3.98684
3.98684
3.98684
3.98684
3.98684
3.98684
3.98684
3.98684
3.98684
3.98684
3.98684
3.98684
3.98684
3.98684
3.98684
3.98684
3.98684
3.98684
3.98684
3.98684
3.98684
3.98684
3.98684
3.98684
3.98684
3.98684
3.98684
3.98684
3.98684
6.97407
6.97407
3.98684
3.98684
6.97405
6.97405
3.98682
3.98682
6.974
6.974
3.98679
3.98679
6.97394
6.97394
6.38713
6.38713
5.79874
5.79874
5.49898
5.49898
5.19931
5.19931
5.1993
5.1993
3.98663
3.98663
4.59953
4.59953
3.98661
3.98661
3.9866
3.9866
6.68929
6.68929
3.98658
3.98658
6.97391
6.97391
3.98654
3.98654
6.97384
6.97384
3.9865
3.9865
6.97376
6.97376
3.98645
3.98645
6.09234
6.09234
3.98641
3.98641
5.79872
5.79872
3.98637
3.98637
5.49896
5.49896
3.98634
3.98634
5.19928
5.19928
3.98631
3.98631
4.89937
4.89937
3.98631
3.98631
4.89933
4.89933
3.9863
3.9863
4.29973
4.29973
6.68907
6.68907
4.29968
4.29968
6.689
6.689
4.29963
4.29963
6.09228
6.09228
4.29962
4.29962
6.09222
6.09222
4.29957
4.29957
5.79863
5.79863
4.29952
4.29952
3.9863
3.9863
5.49885
5.49885
3.98627
3.98627
5.4988
5.4988
3.98623
3.98623
5.49874
5.49874
3.98623
3.98623
5.49869
5.49869
3.98622
3.98622
4.59946
4.59946
3.98622
3.98622
4.59943
4.59943
3.98621
3.98621
4.5994
4.5994
3.98621
3.98621
4.59937
4.59937
3.9862
3.9862
4.59935
4.59935
3.9862
3.9862
5.79852
5.79852
3.98618
3.98618
5.79848
5.79848
3.98617
3.98617
6.68884
6.68884
3.98615
3.98615
4.89932
4.89932
3.98614
3.98614
4.8993
4.8993
3.98614
3.98614
4.89928
4.89928
3.98614
3.98614
4.89925
4.89925
3.98614
3.98614
4.89923
4.89923
3.98613
3.98613
4.59932
4.59932
3.98612
3.98612
4.5993
4.5993
3.98611
3.98611
6.68877
6.68877
3.98609
3.98609
6.68873
6.68873
3.98606
3.98606
6.68868
6.68868
3.98603
3.98603
6.38686
6.38686
3.98601
3.98601
6.09207
6.09207
3.98598
3.98598
4.89922
4.89922
3.98598
3.98598
4.89919
4.89919
3.98598
3.98598
4.89917
4.89917
3.98596
3.98596
4.89914
4.89914
3.98595
3.98595
4.89912
4.89912
3.98595
3.98595
6.68858
6.68858
3.98592
3.98592
6.68853
6.68853
3.9859
3.9859
6.38681
6.38681
3.98587
3.98587
3.98587
3.98587
3.98587
3.98587
5.19927
5.19927
3.98585
3.98585
5.19924
5.19924
3.98583
3.98583
5.19921
5.19921
3.98581
3.98581
3.98581
3.98581
6.68849
6.68849
3.98578
3.98578
6.68844
6.68844
3.98575
3.98575
6.6884
6.6884
3.98572
3.98572
6.68836
6.68836
3.9857
3.9857
3.98569
3.98569
3.98569
3.98569
3.98569
3.98569
3.98568
3.98568
3.98568
3.98568
3.98568
3.98568
3.98567
3.98567
6.68815
6.68815
3.98565
3.98565
6.68811
6.68811
3.98562
3.98562
6.68806
6.68806
3.98559
3.98559
6.68802
6.68802
3.98557
3.98557
6.68797
6.68797
3.98554
3.98554
3.98554
3.98554
3.98553
3.98553
3.98553
3.98553
3.98553
3.98553
3.98552
3.98552
6.68781
6.68781
3.9855
3.9855
6.68777
6.68777
3.98547
3.98547
6.68773
6.68773
3.98544
3.98544
6.68768
6.68768
3.98542
3.98542
6.68764
6.68764
3.98539
3.98539
3.98539
3.98539
3.98538
3.98538
3.98538
3.98538
3.98538
3.98538
6.6875
6.6875
3.98535
3.98535
6.68746
6.68746
3.98532
3.98532
6.68742
6.68742
3.9853
3.9853
6.68737
6.68737
3.98527
3.98527
6.68733
6.68733
3.98524
3.98524
3.98524
3.98524
3.98524
3.98524
3.98523
3.98523
6.68721
6.68721
3.9852
3.9852
6.68717
6.68717
3.98518
3.98518
6.68713
6.68713
3.98515
3.98515
6.68708
6.68708
3.98512
3.98512
6.68704
6.68704
3.9851
3.9851
6.687
6.687
3.98507
3.98507
3.98507
3.98507
6.68693
6.68693
3.98504
3.98504
6.68689
6.68689
3.98501
3.98501
6.68684
6.68684
3.98499
3.98499
6.6868
6.6868
3.98496
3.98496
6.68676
6.68676
3.98493
3.98493
6.68671
6.68671
3.98491
3.98491
6.68667
6.68667
3.98488
3.98488
6.68662
6.68662
3.98485
3.98485
6.68658
6.68658
3.98483
3.98483
6.68654
6.68654
3.9848
3.9848
6.68649
6.68649
3.98477
3.98477
6.68645
6.68645
3.98475
3.98475
3.98475
3.98475
3.98105
3.98105
6.68038
6.68038
3.98103
3.98103
6.68034
6.68034
3.981
3.981
3.981
3.981
3.98105
3.98105
6.68038
6.68038
3.98103
3.98103
6.68034
6.68034
3.981
3.981
6.68029
6.68029
3.98097
3.98097
6.68025
6.68025
3.98095
3.98095
6.68021
6.68021
3.98092
3.98092
6.68016
6.68016
3.98089
3.98089
6.68012
6.68012
3.98087
3.98087
6.68008
6.68008
3.98084
3.98084
6.68003
6.68003
3.98081
3.98081
6.67999
6.67999
3.98079
3.98079
6.67995
6.67995
3.98076
3.98076
6.6799
6.6799
3.98073
3.98073
6.67986
6.67986
3.98071
3.98071
6.67982
6.67982
3.98068
3.98068
6.67977
6.67977
3.98065
3.98065
6.67973
6.67973
3.98063
3.98063
6.67969
6.67969
3.9806
3.9806
6.67964
6.67964
3.98057
3.98057
6.6796
6.6796
3.98055
3.98055
6.67955
6.67955
3.98052
3.98052
6.67951
6.67951
3.98049
3.98049
6.67947
6.67947
3.98046
3.98046
6.67942
6.67942
3.98044
3.98044
6.67938
6.67938
3.98041
3.98041
6.67934
6.67934
3.98038
3.98038
6.67929
6.67929
3.98036
3.98036
6.67925
6.67925
3.98033
3.98033
6.6792
6.6792
3.9803
