6.95304e-310
6.95304e-310
4.9087
4.9087
4.90968
4.90968
4.91651
4.91651
4.9087
4.9087
4.9087
4.9087
4.9087
4.9087
4.9087
4.9087
4.90968
4.90968
4.91651
4.91651
4.9087
4.9087
4.91017
4.91017
4.9087
4.9087
4.91212
4.91212
4.91993
4.91993
4.91358
4.91358
4.9009
4.9009
4.90919
4.90919
4.91798
4.91798
4.91651
4.91651
4.91651
4.91651
4.91456
4.91456
4.9131
4.9131
4.91846
4.91846
4.91212
4.91212
4.90578
4.90578
4.91993
4.91993
4.91749
4.91749
4.91017
4.91017
4.91505
4.91505
4.91798
4.91798
4.90968
4.90968
4.9087
4.9087
4.90822
4.90822
4.917
4.917
4.9131
4.9131
4.91456
4.91456
4.90529
4.90529
4.91066
4.91066
4.90919
4.90919
4.91066
4.91066
4.90968
4.90968
4.90822
4.90822
4.91261
4.91261
4.90431
4.90431
4.91163
4.91163
4.90968
4.90968
4.90968
4.90968
4.91456
4.91456
4.9087
4.9087
4.90968
4.90968
4.9048
4.9048
4.90724
4.90724
4.90578
4.90578
4.91212
4.91212
4.91651
4.91651
4.91505
4.91505
4.917
4.917
4.90822
4.90822
4.91505
4.91505
4.917
4.917
4.91066
4.91066
4.90968
4.90968
4.91358
4.91358
4.89846
4.89846
4.91163
4.91163
4.9131
4.9131
4.91554
4.91554
4.90724
4.90724
4.90578
4.90578
4.92286
4.92286
4.91114
4.91114
4.91456
4.91456
4.90822
4.90822
4.9131
4.9131
4.91358
4.91358
4.91261
4.91261
4.91456
4.91456
4.90626
4.90626
4.90822
4.90822
4.91895
4.91895
4.90773
4.90773
4.90919
4.90919
4.90724
4.90724
4.91602
4.91602
4.91212
4.91212
4.90724
4.90724
4.91456
4.91456
4.9087
4.9087
4.90724
4.90724
4.91944
4.91944
4.9009
4.9009
4.90919
4.90919
4.9209
4.9209
4.9131
4.9131
4.91846
4.91846
4.92237
4.92237
4.91749
4.91749
4.91017
4.91017
4.91066
4.91066
4.91798
4.91798
4.9131
4.9131
4.91212
4.91212
4.90431
4.90431
4.91017
4.91017
4.91944
4.91944
4.91066
4.91066
4.91358
4.91358
4.91407
4.91407
4.91358
4.91358
4.90382
4.90382
4.90968
4.90968
4.91895
4.91895
4.90773
4.90773
4.90773
4.90773
4.91163
4.91163
4.90431
4.90431
4.91505
4.91505
4.91212
4.91212
4.91651
4.91651
4.91066
4.91066
4.91261
4.91261
4.91993
4.91993
4.91163
4.91163
4.91114
4.91114
4.91749
4.91749
4.89797
4.89797
4.91066
4.91066
4.91163
4.91163
4.91017
4.91017
4.9087
4.9087
4.91505
4.91505
4.92042
4.92042
4.90773
4.90773
4.91114
4.91114
4.90675
4.90675
4.91066
4.91066
4.91066
4.91066
4.90529
4.90529
4.91602
4.91602
4.91846
4.91846
4.90968
4.90968
4.90919
4.90919
4.90675
4.90675
4.91651
4.91651
4.91554
4.91554
4.91895
4.91895
4.91114
4.91114
4.91651
4.91651
4.91895
4.91895
4.9048
4.9048
4.9087
4.9087
4.91114
4.91114
4.90187
4.90187
4.91407
4.91407
4.91651
4.91651
4.91651
4.91651
4.90724
4.90724
4.90529
4.90529
4.90187
4.90187
4.91749
4.91749
4.91212
4.91212
4.91895
4.91895
4.91212
4.91212
4.91212
4.91212
4.91212
4.91212
4.91066
4.91066
4.91163
4.91163
4.91602
4.91602
4.91895
4.91895
4.917
4.917
4.90626
4.90626
4.91017
4.91017
4.91749
4.91749
4.90675
4.90675
4.90138
4.90138
4.94042
4.94042
4.88186
4.88186
4.87942
4.87942
4.92481
4.92481
4.92383
4.92383
4.90968
4.90968
4.90578
4.90578
4.92188
4.92188
4.91749
4.91749
4.90822
4.90822
4.90822
4.90822
4.92725
4.92725
4.90529
4.90529
4.90187
4.90187
4.91212
4.91212
4.91212
4.91212
4.90968
4.90968
4.91212
4.91212
4.9209
4.9209
4.91749
4.91749
4.90822
4.90822
4.92042
4.92042
4.91358
4.91358
4.91651
4.91651
4.91456
4.91456
4.90919
4.90919
4.91114
4.91114
4.90822
4.90822
4.90822
4.90822
4.91114
4.91114
4.91212
4.91212
4.9087
4.9087
4.90968
4.90968
4.91456
4.91456
4.917
4.917
4.90773
4.90773
4.91993
4.91993
4.9087
4.9087
4.91212
4.91212
4.91017
4.91017
4.91505
4.91505
4.917
4.917
4.91944
4.91944
4.91407
4.91407
4.91212
4.91212
7.48534
7.48534
8.58774
8.58774
5.94375
5.94375
3.51693
3.51693
5.91838
5.91838
6.27218
6.27218
4.0835
4.0835
5.27861
5.27861
3.74287
3.74287
4.01713
4.01713
5.21956
5.21956
3.23291
3.23291
3.60574
3.60574
3.86536
3.86536
4.71302
4.71302
4.16841
4.16841
4.44803
4.44803
5.05901
5.05901
5.63924
5.63924
4.10741
4.10741
5.56018
5.56018
5.58946
5.58946
5.56458
5.56458
4.93554
4.93554
5.33619
5.33619
4.25332
4.25332
4.56759
4.56759
4.8643
4.8643
4.47926
4.47926
4.45145
4.45145
3.53596
3.53596
4.53246
4.53246
4.09814
4.09814
5.09219
5.09219
4.59638
4.59638
4.93018
4.93018
5.1405
5.1405
4.86332
4.86332
4.75059
4.75059
4.66714
4.66714
5.49821
5.49821
5.07414
5.07414
5.06779
5.06779
5.16295
5.16295
5.03558
5.03558
4.67934
4.67934
4.58858
4.58858
4.68081
4.68081
4.82233
4.82233
4.69398
4.69398
4.81306
4.81306
4.26259
4.26259
4.67105
4.67105
4.73058
4.73058
4.79061
4.79061
4.67495
4.67495
4.81062
4.81062
4.85161
4.85161
4.94579
4.94579
4.7989
4.7989
4.97702
4.97702
5.0473
5.0473
5.32253
5.32253
5.00142
5.00142
5.21614
5.21614
5.01753
5.01753
4.87845
4.87845
4.75547
4.75547
4.90041
4.90041
4.99264
4.99264
5.16539
5.16539
4.81842
4.81842
4.87698
4.87698
4.75791
4.75791
4.46365
4.46365
4.65006
4.65006
4.73644
4.73644
4.93115
4.93115
4.96336
4.96336
5.08438
5.08438
4.85698
4.85698
4.91895
4.91895
4.99215
4.99215
4.84185
4.84185
5.00094
5.00094
4.73498
4.73498
5.38206
5.38206
5.24689
5.24689
5.23225
5.23225
4.84136
4.84136
4.99947
4.99947
4.91066
4.91066
4.82038
4.82038
4.72326
4.72326
5.10439
5.10439
4.96482
4.96482
5.00826
5.00826
4.77402
4.77402
4.86088
4.86088
4.96824
4.96824
4.64128
4.64128
4.85356
4.85356
4.87845
4.87845
4.84819
4.84819
4.96873
4.96873
5.00484
5.00484
4.91066
4.91066
4.84966
4.84966
4.9658
4.9658
4.97117
4.97117
4.89504
4.89504
4.9331
4.9331
5.00777
5.00777
4.93408
4.93408
5.19516
5.19516
5.07365
5.07365
5.05218
5.05218
4.96336
4.96336
4.95897
4.95897
4.92969
4.92969
4.8843
4.8843
5.01606
5.01606
4.9131
4.9131
4.92383
4.92383
4.92188
4.92188
4.8765
4.8765
4.89846
4.89846
4.87991
4.87991
4.85844
4.85844
4.856
4.856
4.91651
4.91651
4.90285
4.90285
4.88089
4.88089
4.86332
4.86332
4.86283
4.86283
4.92188
4.92188
4.856
4.856
4.91944
4.91944
4.90334
4.90334
4.93457
4.93457
4.89797
4.89797
4.88723
4.88723
4.89455
4.89455
4.94335
4.94335
4.94872
4.94872
4.9375
4.9375
4.93994
4.93994
4.95702
4.95702
4.95994
4.95994
4.93798
4.93798
4.93994
4.93994
4.95262
4.95262
4.91358
4.91358
4.93945
4.93945
4.8965
4.8965
4.88186
4.88186
4.89846
4.89846
4.90382
4.90382
4.94628
4.94628
4.97605
4.97605
4.93018
4.93018
4.85893
4.85893
4.85698
4.85698
4.87162
4.87162
4.88284
4.88284
4.9048
4.9048
4.90529
4.90529
4.88674
4.88674
4.88284
4.88284
4.85405
4.85405
4.89553
4.89553
4.82282
4.82282
4.84624
4.84624
4.89162
4.89162
4.91749
4.91749
4.91505
4.91505
4.90675
4.90675
4.90187
4.90187
4.93164
4.93164
4.93115
4.93115
4.92139
4.92139
4.92481
4.92481
4.93213
4.93213
4.89358
4.89358
4.86722
4.86722
4.91212
4.91212
4.90382
4.90382
4.91017
4.91017
4.89992
4.89992
4.96238
4.96238
4.91798
4.91798
4.91114
4.91114
4.90919
4.90919
4.89162
4.89162
4.92286
4.92286
4.91212
4.91212
4.8721
4.8721
4.91651
4.91651
4.92383
4.92383
4.89943
4.89943
4.90968
4.90968
4.89065
4.89065
4.89894
4.89894
4.9048
4.9048
4.89894
4.89894
4.90919
4.90919
4.9048
4.9048
4.90724
4.90724
4.90724
4.90724
4.90724
4.90724
4.9048
4.9048
4.91066
4.91066
4.90626
4.90626
4.90236
4.90236
4.9087
4.9087
4.9087
4.9087
4.9048
4.9048
4.91066
4.91066
4.90626
4.90626
4.90236
4.90236
4.9087
4.9087
4.90724
4.90724
4.90382
4.90382
4.90431
4.90431
4.90041
4.90041
4.90578
4.90578
4.9087
4.9087
4.90626
4.90626
4.89309
4.89309
4.91212
4.91212
4.91163
4.91163
4.90626
4.90626
4.92676
4.92676
4.90968
4.90968
4.89309
4.89309
4.92627
4.92627
4.89455
4.89455
4.9414
4.9414
4.89114
4.89114
4.90431
4.90431
4.91114
4.91114
4.93115
4.93115
4.9087
4.9087
4.89846
4.89846
4.90626
4.90626
4.91846
4.91846
4.89358
4.89358
4.90626
4.90626
4.91163
4.91163
4.91846
4.91846
4.90626
4.90626
4.91114
4.91114
4.91505
4.91505
4.91066
4.91066
4.90822
4.90822
4.90968
4.90968
4.90382
4.90382
4.89699
4.89699
4.91944
4.91944
4.91554
4.91554
4.91163
4.91163
4.89553
4.89553
4.90285
4.90285
4.9131
4.9131
4.8965
4.8965
4.89992
4.89992
4.92334
4.92334
4.91993
4.91993
4.88382
4.88382
4.92237
4.92237
4.92139
4.92139
4.89065
4.89065
4.90382
4.90382
4.92139
4.92139
4.9048
4.9048
4.89992
4.89992
4.91163
4.91163
4.91114
4.91114
4.90626
4.90626
4.90382
4.90382
4.90334
4.90334
4.91212
4.91212
4.9253
4.9253
4.90822
4.90822
4.91114
4.91114
4.91651
4.91651
4.8843
4.8843
4.91212
4.91212
4.9087
4.9087
4.88479
4.88479
4.92286
4.92286
4.91749
4.91749
4.9009
4.9009
4.90334
4.90334
4.93018
4.93018
4.88186
4.88186
4.92139
4.92139
4.91212
4.91212
4.86625
4.86625
4.91993
4.91993
4.94384
4.94384
4.86625
4.86625
4.90529
4.90529
4.9375
4.9375
4.8643
4.8643
4.84722
4.84722
4.94238
4.94238
4.9331
4.9331
4.90138
4.90138
4.92188
4.92188
4.9375
4.9375
4.87454
4.87454
4.90724
4.90724
4.90919
4.90919
4.88723
4.88723
4.90187
4.90187
4.92871
4.92871
4.8843
4.8843
4.90578
4.90578
4.92822
4.92822
4.92139
4.92139
4.87308
4.87308
4.91505
4.91505
4.91602
4.91602
4.86234
4.86234
4.89406
4.89406
4.93164
4.93164
4.8804
4.8804
4.89992
4.89992
4.93798
4.93798
4.89309
4.89309
4.86722
4.86722
4.91846
4.91846
4.90822
4.90822
4.86918
4.86918
4.91163
4.91163
4.93945
4.93945
4.89992
4.89992
4.89846
4.89846
4.91749
4.91749
4.9131
4.9131
4.89162
4.89162
4.9253
4.9253
4.917
4.917
4.90382
4.90382
4.90431
4.90431
4.90626
4.90626
4.89797
4.89797
4.91993
4.91993
4.91993
4.91993
4.87796
4.87796
4.90334
4.90334
4.91651
4.91651
4.90919
4.90919
4.89406
4.89406
4.93798
4.93798
4.91749
4.91749
4.89748
4.89748
4.92676
4.92676
4.90919
4.90919
4.89797
4.89797
4.92774
4.92774
4.90236
4.90236
4.87894
4.87894
4.93359
4.93359
4.91944
4.91944
4.88186
4.88186
4.93164
4.93164
4.90724
4.90724
4.89162
4.89162
4.93066
4.93066
4.89602
4.89602
4.90041
4.90041
4.93359
4.93359
4.88235
4.88235
4.89162
4.89162
4.91261
4.91261
4.90285
4.90285
4.89943
4.89943
4.90822
4.90822
4.8804
4.8804
4.91407
4.91407
4.92627
4.92627
4.89162
4.89162
4.93164
4.93164
4.8887
4.8887
4.89455
4.89455
4.92237
4.92237
4.9087
4.9087
4.88528
4.88528
4.92774
4.92774
4.90724
4.90724
4.89114
4.89114
4.93506
4.93506
4.90675
4.90675
4.90285
4.90285
4.93506
4.93506
4.88772
4.88772
4.9048
4.9048
4.91456
4.91456
4.9087
4.9087
4.9087
4.9087
4.92383
4.92383
4.9009
4.9009
4.88918
4.88918
4.92334
4.92334
4.88918
4.88918
4.90041
4.90041
4.92822
4.92822
4.8765
4.8765
4.9253
4.9253
4.92188
4.92188
4.86332
4.86332
4.94091
4.94091
4.89943
4.89943
4.86332
4.86332
4.93896
4.93896
4.90724
4.90724
4.88235
4.88235
4.94579
4.94579
4.91407
4.91407
4.90334
4.90334
4.89455
4.89455
4.89358
4.89358
4.92139
4.92139
4.92627
4.92627
4.88479
4.88479
4.93945
4.93945
4.93798
4.93798
4.88967
4.88967
4.89504
4.89504
4.92578
4.92578
4.8843
4.8843
4.89358
4.89358
4.92237
4.92237
4.91163
4.91163
4.90675
4.90675
4.93018
4.93018
4.91895
4.91895
4.86918
4.86918
4.88821
4.88821
4.93457
4.93457
4.90724
4.90724
4.90041
4.90041
4.92139
4.92139
4.90578
4.90578
4.89065
4.89065
4.91261
4.91261
4.917
4.917
4.87357
4.87357
4.8887
4.8887
4.93847
4.93847
4.93066
4.93066
4.8843
4.8843
4.8965
4.8965
4.92286
4.92286
4.88382
4.88382
4.89309
4.89309
4.91749
4.91749
4.9131
4.9131
4.88138
4.88138
4.92139
4.92139
4.89992
4.89992
4.88918
4.88918
4.90919
4.90919
4.90529
4.90529
4.89016
4.89016
4.90675
4.90675
4.9292
4.9292
4.8965
4.8965
4.91505
4.91505
4.9414
4.9414
4.91456
4.91456
4.88577
4.88577
4.9209
4.9209
4.93506
4.93506
4.90382
4.90382
4.89894
4.89894
4.93945
4.93945
4.90822
4.90822
4.89358
4.89358
4.91163
4.91163
4.91407
4.91407
4.87406
4.87406
4.89406
4.89406
4.93359
4.93359
4.91505
4.91505
4.88382
4.88382
4.91846
4.91846
4.9131
4.9131
4.87698
4.87698
4.89211
4.89211
4.9253
4.9253
4.88626
4.88626
4.91602
4.91602
4.94189
4.94189
4.9253
4.9253
4.89992
4.89992
4.90285
4.90285
4.93262
4.93262
4.89406
4.89406
4.90187
4.90187
4.93164
4.93164
4.91017
4.91017
4.89992
4.89992
4.94091
4.94091
4.91212
4.91212
4.88235
4.88235
4.93359
4.93359
4.91505
4.91505
4.9048
4.9048
4.88479
4.88479
4.93652
4.93652
4.90822
4.90822
4.89162
4.89162
4.92676
4.92676
4.90285
4.90285
4.89797
4.89797
4.93359
4.93359
4.90773
4.90773
4.8765
4.8765
4.93896
4.93896
4.9209
4.9209
4.89065
4.89065
4.88821
4.88821
4.93896
4.93896
4.91554
4.91554
