6.95304e-310
6.95304e-310
3.8742
3.8742
5.34717
5.34717
3.87419
3.87419
5.34715
5.34715
5.34715
5.34715
5.34719
5.34719
3.8742
3.8742
5.34717
5.34717
3.87419
3.87419
5.34715
5.34715
3.87417
3.87417
5.34713
5.34713
3.87416
3.87416
5.34711
5.34711
3.87415
3.87415
5.34709
5.34709
3.87413
3.87413
5.34706
5.34706
3.87412
3.87412
5.34704
5.34704
3.87411
3.87411
5.34702
5.34702
3.87409
3.87409
5.347
5.347
3.87408
3.87408
5.34698
5.34698
3.87406
3.87406
5.34696
5.34696
3.87405
3.87405
5.34694
5.34694
3.87404
3.87404
5.34692
5.34692
3.87402
3.87402
5.34689
5.34689
3.87401
3.87401
5.34687
5.34687
3.874
3.874
5.34685
5.34685
3.87398
3.87398
5.34683
5.34683
3.87397
3.87397
5.34681
5.34681
3.87396
3.87396
5.34679
5.34679
3.87394
3.87394
5.34677
5.34677
3.87393
3.87393
5.34675
5.34675
3.87391
3.87391
5.34672
5.34672
3.8739
3.8739
5.3467
5.3467
3.87389
3.87389
5.34668
5.34668
3.87387
3.87387
5.34666
5.34666
3.87386
3.87386
5.34664
5.34664
3.87385
3.87385
5.34662
5.34662
3.87383
3.87383
5.3466
5.3466
3.87382
3.87382
5.34658
5.34658
3.87381
3.87381
5.34655
5.34655
3.87379
3.87379
5.34653
5.34653
3.87378
3.87378
5.34651
5.34651
3.87376
3.87376
5.34649
5.34649
3.87375
3.87375
5.34647
5.34647
3.87374
3.87374
5.34645
5.34645
3.87372
3.87372
5.34643
5.34643
3.87371
3.87371
5.34641
5.34641
3.8737
3.8737
5.34638
5.34638
3.87368
3.87368
5.34636
5.34636
3.87367
3.87367
5.34634
5.34634
3.87365
3.87365
5.34632
5.34632
3.87364
3.87364
5.3463
5.3463
3.87363
3.87363
5.34628
5.34628
3.87361
3.87361
5.34626
5.34626
3.8736
3.8736
5.34624
5.34624
3.87359
3.87359
5.34621
5.34621
3.87357
3.87357
5.34619
5.34619
3.87356
3.87356
5.34617
5.34617
3.87355
3.87355
5.34615
5.34615
3.87353
3.87353
5.34613
5.34613
3.87352
3.87352
5.34611
5.34611
3.8735
3.8735
5.34609
5.34609
3.87349
3.87349
5.34607
5.34607
3.87348
3.87348
5.34604
5.34604
3.87346
3.87346
5.34602
5.34602
3.87345
3.87345
5.346
5.346
3.87344
3.87344
5.34598
5.34598
3.87342
3.87342
5.34596
5.34596
3.87341
3.87341
5.34594
5.34594
3.8734
3.8734
5.34592
5.34592
3.87338
3.87338
5.3459
5.3459
3.87337
3.87337
5.34587
5.34587
3.87335
3.87335
5.34585
5.34585
3.87334
3.87334
5.34583
5.34583
3.87333
3.87333
5.34581
5.34581
3.87331
3.87331
5.34579
5.34579
3.8733
3.8733
5.34577
5.34577
3.87329
3.87329
5.34575
5.34575
3.87327
3.87327
5.34573
5.34573
3.87326
3.87326
5.3457
5.3457
3.87325
3.87325
5.34568
5.34568
3.87323
3.87323
5.34566
5.34566
3.87322
3.87322
5.34564
5.34564
3.8732
3.8732
5.34562
5.34562
3.87319
3.87319
5.3456
5.3456
3.87318
3.87318
5.34558
5.34558
3.87316
3.87316
5.34556
5.34556
3.87315
3.87315
5.34553
5.34553
3.87314
3.87314
5.34551
5.34551
3.87312
3.87312
5.34549
5.34549
3.87311
3.87311
5.34547
5.34547
3.87309
3.87309
5.34545
5.34545
3.87308
3.87308
5.34543
5.34543
3.87307
3.87307
5.34541
5.34541
3.87305
3.87305
5.34539
5.34539
3.87304
3.87304
5.34536
5.34536
3.87303
3.87303
5.34534
5.34534
3.87301
3.87301
5.34532
5.34532
3.873
3.873
5.3453
5.3453
3.87299
3.87299
5.34528
5.34528
3.87297
3.87297
5.34526
5.34526
3.87296
3.87296
5.34524
5.34524
3.87294
3.87294
5.34522
5.34522
3.87293
3.87293
5.34519
5.34519
3.87292
3.87292
5.34517
5.34517
3.8729
3.8729
5.34515
5.34515
3.87289
3.87289
5.34513
5.34513
3.87288
3.87288
5.34511
5.34511
3.87286
3.87286
5.34509
5.34509
3.87285
3.87285
5.34507
5.34507
3.87283
3.87283
5.34505
5.34505
3.87282
3.87282
5.34502
5.34502
3.87281
3.87281
5.345
5.345
3.87279
3.87279
5.34498
5.34498
3.87278
3.87278
5.34496
5.34496
3.87277
3.87277
5.34494
5.34494
3.87275
3.87275
5.34492
5.34492
3.87274
3.87274
5.34488
5.34488
3.87271
3.87271
5.34486
5.34486
3.8727
3.8727
5.34482
5.34482
3.87268
3.87268
5.3448
5.3448
3.87266
3.87266
5.34477
5.34477
3.87264
3.87264
5.34475
5.34475
3.87263
3.87263
5.34474
5.34474
3.87262
3.87262
5.34473
5.34473
3.87262
3.87262
5.19334
5.19334
3.87261
3.87261
6.37818
6.37818
5.79247
5.79247
5.19329
5.19329
5.79243
5.79243
5.19326
5.19326
5.19325
5.19325
5.19324
5.19324
5.19323
5.19323
4.59527
4.59527
5.1932
5.1932
4.59525
4.59525
4.59525
4.59525
3.8726
3.8726
4.59523
4.59523
3.8726
3.8726
4.59522
4.59522
3.8726
3.8726
4.59521
4.59521
3.87259
3.87259
6.08456
6.08456
3.87259
3.87259
5.7924
5.7924
5.79238
5.79238
5.79237
5.79237
4.8954
4.8954
4.8954
4.8954
4.89539
4.89539
4.89538
4.89538
4.89537
4.89537
4.89536
4.89536
3.87253
3.87253
4.89534
4.89534
3.87252
3.87252
4.89533
4.89533
3.87252
3.87252
6.68274
6.68274
3.8725
3.8725
6.08453
6.08453
3.8725
3.8725
6.08451
6.08451
3.8725
3.8725
5.79232
5.79232
3.8725
3.8725
5.7923
5.7923
3.8725
3.8725
5.19315
5.19315
3.87249
3.87249
5.19313
5.19313
3.87249
3.87249
4.29476
4.29476
4.8953
4.8953
3.87249
3.87249
4.89528
4.89528
3.87249
3.87249
4.89527
4.89527
3.87249
3.87249
4.89525
4.89525
3.87248
3.87248
4.89524
4.89524
3.87248
3.87248
4.89522
4.89522
3.87248
3.87248
5.79226
5.79226
3.87248
3.87248
5.79223
5.79223
3.87248
3.87248
5.1931
5.1931
3.87248
3.87248
5.19308
5.19308
3.87247
3.87247
5.19305
5.19305
3.87247
3.87247
5.19303
5.19303
3.87246
3.87246
5.19301
5.19301
3.87246
3.87246
5.19299
5.19299
3.87245
3.87245
6.08443
6.08443
3.87245
3.87245
5.34471
5.34471
3.87245
3.87245
5.34469
5.34469
3.87245
3.87245
5.34467
5.34467
3.87245
3.87245
5.34465
5.34465
3.87243
3.87243
5.34463
5.34463
3.87242
3.87242
5.34461
5.34461
3.8724
3.8724
5.34458
5.34458
3.8724
3.8724
5.34456
5.34456
3.8724
3.8724
5.34454
5.34454
3.8724
3.8724
5.34452
5.34452
3.8724
3.8724
5.3445
5.3445
3.87239
3.87239
5.34447
5.34447
3.87239
3.87239
5.34445
5.34445
3.87239
3.87239
5.34443
5.34443
3.87239
3.87239
5.34441
5.34441
3.87239
3.87239
5.34439
5.34439
3.87238
3.87238
5.34437
5.34437
3.87238
3.87238
5.34435
5.34435
3.87238
3.87238
5.34433
5.34433
3.87238
3.87238
5.34431
5.34431
3.87238
3.87238
5.34429
5.34429
3.87237
3.87237
5.34427
5.34427
3.87237
3.87237
5.34425
5.34425
3.87237
3.87237
5.34423
5.34423
3.87237
3.87237
5.3442
5.3442
3.87237
3.87237
5.34418
5.34418
3.87236
3.87236
5.34416
5.34416
3.87236
3.87236
5.34414
5.34414
3.87236
3.87236
5.34412
5.34412
3.87236
3.87236
5.3441
5.3441
3.87236
3.87236
5.34408
5.34408
3.87235
3.87235
5.34406
5.34406
3.87235
3.87235
5.34404
5.34404
3.87235
3.87235
5.34401
5.34401
3.87235
3.87235
5.34399
5.34399
3.87235
3.87235
5.34397
5.34397
3.87235
3.87235
5.34395
5.34395
3.87234
3.87234
5.34393
5.34393
3.87234
3.87234
5.34391
5.34391
3.87234
3.87234
5.34389
5.34389
3.87234
3.87234
5.34387
5.34387
3.87234
3.87234
5.34385
5.34385
3.87233
3.87233
5.34383
5.34383
3.87233
3.87233
5.34381
5.34381
3.87233
3.87233
5.34378
5.34378
3.87233
3.87233
5.34376
5.34376
3.87233
3.87233
5.34374
5.34374
3.87232
3.87232
5.34372
5.34372
3.87232
3.87232
5.3437
5.3437
3.87232
3.87232
5.34368
5.34368
3.87232
3.87232
5.34366
5.34366
3.87231
3.87231
5.34364
5.34364
3.87231
3.87231
5.34361
5.34361
3.87231
3.87231
5.34359
5.34359
3.87231
3.87231
5.34357
5.34357
5.34357
5.34357
5.34357
5.34357
5.34064
5.34064
3.87202
3.87202
5.34062
5.34062
3.87202
3.87202
5.3406
5.3406
5.3406
5.3406
5.34064
5.34064
3.87202
3.87202
5.34062
5.34062
3.87202
3.87202
5.3406
5.3406
3.87201
3.87201
5.34058
5.34058
3.87201
3.87201
5.34055
5.34055
3.87201
3.87201
5.34053
5.34053
3.87201
3.87201
5.34051
5.34051
3.872
3.872
5.34049
5.34049
3.872
3.872
5.34047
5.34047
3.872
3.872
5.34045
5.34045
3.872
3.872
5.34043
5.34043
3.872
3.872
5.34041
5.34041
3.87199
3.87199
5.34038
5.34038
3.87199
3.87199
5.34036
5.34036
3.87199
3.87199
5.34034
5.34034
3.87199
3.87199
5.34032
5.34032
3.87199
3.87199
5.3403
5.3403
3.87198
3.87198
5.34028
5.34028
3.87198
3.87198
5.34026
5.34026
3.87198
3.87198
5.34024
5.34024
3.87198
3.87198
5.34021
5.34021
3.87198
3.87198
5.34019
5.34019
3.87197
3.87197
5.34017
5.34017
3.87197
3.87197
5.34015
5.34015
3.87197
3.87197
5.34013
5.34013
3.87197
3.87197
5.34011
5.34011
3.87196
3.87196
5.34009
5.34009
3.87196
3.87196
5.34007
5.34007
3.87196
3.87196
5.34004
5.34004
3.87196
3.87196
5.34002
5.34002
3.87196
3.87196
5.34
5.34
3.87195
3.87195
5.33998
5.33998
3.87195
3.87195
5.33996
5.33996
3.87195
3.87195
5.33994
5.33994
3.87195
3.87195
5.33992
5.33992
3.87195
3.87195
5.3399
5.3399
3.87194
3.87194
5.33987
5.33987
3.87194
3.87194
5.33985
5.33985
3.87194
3.87194
5.33983
5.33983
3.87194
3.87194
5.33981
5.33981
3.87194
3.87194
5.33979
5.33979
3.87193
3.87193
5.33977
5.33977
3.87193
3.87193
5.33975
5.33975
3.87193
3.87193
5.33973
5.33973
3.87193
3.87193
5.3397
5.3397
3.87193
3.87193
5.33968
5.33968
3.87192
3.87192
5.33966
5.33966
3.87192
3.87192
5.33964
5.33964
3.87192
3.87192
5.33962
5.33962
3.87192
3.87192
5.3396
5.3396
3.87192
3.87192
5.33958
5.33958
3.87191
3.87191
5.33956
5.33956
3.87191
3.87191
5.33954
5.33954
3.87191
3.87191
5.33951
5.33951
3.87191
3.87191
5.33949
5.33949
3.87191
3.87191
5.33947
5.33947
3.8719
3.8719
5.33945
5.33945
3.8719
3.8719
5.33943
5.33943
3.8719
3.8719
5.33941
5.33941
3.8719
3.8719
5.33939
5.33939
3.8719
3.8719
5.33937
5.33937
3.87189
3.87189
5.33934
5.33934
3.87189
3.87189
5.33932
5.33932
3.87189
3.87189
5.3393
5.3393
3.87189
3.87189
5.33928
5.33928
3.87189
3.87189
5.33926
5.33926
3.87188
3.87188
5.33924
5.33924
3.87188
3.87188
5.33922
5.33922
3.87188
3.87188
5.3392
5.3392
3.87188
3.87188
5.33918
5.33918
3.87188
3.87188
5.33915
5.33915
3.87187
3.87187
5.33913
5.33913
3.87187
3.87187
5.33911
5.33911
3.87187
3.87187
5.33909
5.33909
3.87187
3.87187
5.33907
5.33907
3.87187
3.87187
5.33905
5.33905
3.87186
3.87186
5.33903
5.33903
3.87186
3.87186
5.339
5.339
3.87186
3.87186
5.33898
5.33898
3.87186
3.87186
5.33896
5.33896
3.87186
3.87186
5.33894
5.33894
3.87185
3.87185
5.33892
5.33892
3.87185
3.87185
5.3389
5.3389
3.87185
3.87185
5.33888
5.33888
3.87185
3.87185
5.33886
5.33886
3.87185
3.87185
5.33884
5.33884
3.87184
3.87184
5.33881
5.33881
3.87184
3.87184
5.33879
5.33879
3.87184
3.87184
5.33877
5.33877
3.87184
3.87184
5.33875
5.33875
3.87183
3.87183
5.33873
5.33873
3.87183
3.87183
5.33871
5.33871
3.87183
3.87183
5.33869
5.33869
3.87183
3.87183
5.33866
5.33866
3.87183
3.87183
5.33864
5.33864
3.87182
3.87182
5.33862
5.33862
3.87182
3.87182
5.3386
5.3386
3.87182
3.87182
5.33858
5.33858
3.87182
3.87182
5.33856
5.33856
3.87182
3.87182
5.33854
5.33854
3.87181
3.87181
5.33852
5.33852
3.87181
3.87181
5.3385
5.3385
3.87181
3.87181
5.33847
5.33847
3.87181
3.87181
5.33845
5.33845
3.87181
3.87181
5.33843
5.33843
3.8718
3.8718
5.33841
5.33841
3.8718
3.8718
5.33839
5.33839
3.8718
3.8718
5.33837
5.33837
3.8718
3.8718
5.33835
5.33835
3.8718
3.8718
5.33833
5.33833
3.87179
3.87179
5.3383
5.3383
3.87179
3.87179
5.33828
5.33828
3.87179
3.87179
5.33826
5.33826
3.87179
3.87179
5.33824
5.33824
3.87179
3.87179
5.33822
5.33822
3.87178
3.87178
5.3382
5.3382
3.87178
3.87178
5.33818
5.33818
3.87178
3.87178
5.33816
5.33816
3.87178
3.87178
5.33813
5.33813
3.87178
3.87178
5.33811
5.33811
3.87177
3.87177
5.33809
5.33809
3.87177
3.87177
5.33807
5.33807
3.87177
3.87177
5.33805
5.33805
3.87177
3.87177
5.33803
5.33803
3.87177
3.87177
5.33801
5.33801
3.87176
3.87176
5.33799
5.33799
3.87176
3.87176
5.33796
5.33796
3.87176
3.87176
5.33794
5.33794
3.87176
3.87176
5.33792
5.33792
3.87176
3.87176
5.3379
5.3379
3.87175
3.87175
5.33788
5.33788
3.87175
3.87175
5.33786
5.33786
3.87175
3.87175
5.33784
5.33784
3.87175
3.87175
5.33782
5.33782
3.87175
3.87175
5.33779
5.33779
3.87174
3.87174
5.33777
5.33777
3.87174
3.87174
5.33775
5.33775
3.87174
3.87174
5.33773
5.33773
3.87174
3.87174
5.33771
5.33771
3.87174
3.87174
5.33769
5.33769
3.87173
3.87173
5.33767
5.33767
3.87173
3.87173
5.33765
5.33765
3.87173
3.87173
5.33762
5.33762
3.87173
3.87173
5.3376
5.3376
3.87173
3.87173
5.33758
5.33758
3.87172
3.87172
5.33756
5.33756
3.87172
3.87172
5.33754
5.33754
3.87172
3.87172
5.33752
5.33752
3.87172
3.87172
5.3375
5.3375
3.87171
3.87171
5.33748
5.33748
3.87171
3.87171
5.33745
5.33745
3.87171
3.87171
5.33743
5.33743
3.87171
3.87171
5.33741
5.33741
3.87171
3.87171
5.33739
5.33739
3.8717
3.8717
5.33737
5.33737
3.8717
3.8717
5.33735
5.33735
