5.04242
5.04242
5.04242
5.04242
5.04242
5.12098
5.12098
5.12294
5.12294
5.12489
5.12489
5.12489
5.12489
5.1283
5.1283
5.12733
5.12733
5.12098
5.12098
5.12294
5.12294
5.12489
5.12489
5.12489
5.12489
5.1283
5.1283
5.12733
5.12733
5.12098
5.12098
5.12294
5.12294
5.12489
5.12489
5.12001
5.12001
5.1244
5.1244
5.11903
5.11903
5.12684
5.12684
5.09561
5.09561
5.19418
5.19418
5.11122
5.11122
5.18345
5.18345
5.08243
5.08243
5.13026
5.13026
5.10098
5.10098
5.15661
5.15661
5.13465
5.13465
5.11757
5.11757
5.13318
5.13318
5.11025
5.11025
5.14002
5.14002
5.08926
5.08926
5.15954
5.15954
5.08146
5.08146
5.12928
5.12928
5.12635
5.12635
5.12879
5.12879
5.18052
5.18052
5.08438
5.08438
5.1449
5.1449
5.14587
5.14587
5.08341
5.08341
5.1488
5.1488
5.13026
5.13026
5.10146
5.10146
5.12489
5.12489
5.10195
5.10195
5.15173
5.15173
5.10683
5.10683
5.09658
5.09658
5.10439
5.10439
5.16002
5.16002
5.10634
5.10634
5.11318
5.11318
5.15514
5.15514
5.09756
5.09756
5.12001
5.12001
5.09951
5.09951
5.11464
5.11464
5.11366
5.11366
5.12782
5.12782
5.12586
5.12586
5.11366
5.11366
5.10586
5.10586
5.1488
5.1488
5.0839
5.0839
5.13562
5.13562
5.12098
5.12098
5.14002
5.14002
5.12196
5.12196
5.1205
5.1205
5.12196
5.12196
5.13367
5.13367
5.10537
5.10537
5.12147
5.12147
5.11415
5.11415
5.13221
5.13221
5.12391
5.12391
5.12538
5.12538
5.14831
5.14831
5.15368
5.15368
5.12635
5.12635
5.15368
5.15368
5.10976
5.10976
5.11903
5.11903
5.11708
5.11708
5.12684
5.12684
5.10195
5.10195
5.14441
5.14441
5.09268
5.09268
5.14685
5.14685
5.14343
5.14343
5.11415
5.11415
5.13172
5.13172
5.14978
5.14978
5.09707
5.09707
5.16002
5.16002
5.1161
5.1161
5.1244
5.1244
5.11806
5.11806
5.07853
5.07853
5.08487
5.08487
5.13806
5.13806
5.10195
5.10195
5.12098
5.12098
5.12245
5.12245
5.15319
5.15319
5.08829
5.08829
5.14002
5.14002
5.08146
5.08146
5.17222
5.17222
5.1161
5.1161
5.16442
5.16442
5.10293
5.10293
5.1366
5.1366
5.11415
5.11415
5.13806
5.13806
5.1366
5.1366
5.05266
5.05266
5.16246
5.16246
5.16978
5.16978
5.15807
5.15807
5.11952
5.11952
5.14441
5.14441
5.11708
5.11708
5.13758
5.13758
5.24738
5.24738
5.15075
5.15075
5.1283
5.1283
5.1488
5.1488
5.19223
5.19223
5.14538
5.14538
5.12586
5.12586
5.15466
5.15466
5.14294
5.14294
5.10537
5.10537
5.16734
5.16734
5.12391
5.12391
5.12586
5.12586
5.12538
5.12538
5.18638
5.18638
5.13074
5.13074
5.15124
5.15124
5.12147
5.12147
5.1366
5.1366
5.12245
5.12245
5.11708
5.11708
5.12977
5.12977
5.11513
5.11513
5.1327
5.1327
5.08926
5.08926
5.15661
5.15661
5.11074
5.11074
4.99947
4.99947
5.11366
5.11366
5.14002
5.14002
5.15026
5.15026
5.08682
5.08682
5.1405
5.1405
5.11464
5.11464
5.14246
5.14246
5.1083
5.1083
5.12782
5.12782
5.10634
5.10634
5.11464
5.11464
5.12782
5.12782
5.08878
5.08878
5.14246
5.14246
5.10342
5.10342
5.13758
5.13758
5.0961
5.0961
5.15124
5.15124
5.07121
5.07121
5.1732
5.1732
5.13514
5.13514
5.16442
5.16442
5.13026
5.13026
5.13514
5.13514
5.12879
5.12879
5.12147
5.12147
5.07609
5.07609
5.11708
5.11708
5.16344
5.16344
5.08243
5.08243
5.12342
5.12342
5.1405
5.1405
5.10781
5.10781
5.12294
5.12294
5.15026
5.15026
5.10195
5.10195
5.13514
5.13514
5.06145
5.06145
5.11708
5.11708
5.1039
5.1039
5.14587
5.14587
5.0795
5.0795
5.1527
5.1527
5.08292
5.08292
5.14392
5.14392
5.10732
5.10732
5.12782
5.12782
5.15466
5.15466
5.16344
5.16344
5.10439
5.10439
5.2059
5.2059
5.19174
5.19174
5.18198
5.18198
5.07609
5.07609
5.1649
5.1649
5.12294
5.12294
5.13562
5.13562
5.10927
5.10927
5.15075
5.15075
5.11269
5.11269
5.15514
5.15514
5.06584
5.06584
5.1976
5.1976
5.0634
5.0634
5.06486
5.06486
5.05364
5.05364
5.0595
5.0595
5.12391
5.12391
5.13318
5.13318
5.15319
5.15319
5.47478
5.47478
8.49209
8.49209
4.12302
4.12302
5.92374
5.92374
5.39914
5.39914
5.62167
5.62167
4.09277
4.09277
5.00533
5.00533
3.39054
3.39054
6.22142
6.22142
5.02631
5.02631
5.039
5.039
6.24338
6.24338
4.14206
4.14206
5.37474
5.37474
4.66958
4.66958
4.70765
4.70765
4.50171
4.50171
5.38402
5.38402
4.94384
4.94384
5.13904
5.13904
5.89837
5.89837
3.96345
3.96345
5.10586
5.10586
3.80241
3.80241
4.32603
4.32603
4.25332
4.25332
5.12928
5.12928
4.84185
4.84185
6.08771
6.08771
5.3113
5.3113
4.4778
4.4778
4.64177
4.64177
4.36166
4.36166
4.80574
4.80574
4.30846
4.30846
5.33961
5.33961
4.75596
4.75596
5.14441
5.14441
5.23371
5.23371
5.17222
5.17222
4.08106
4.08106
5.13123
5.13123
5.56897
5.56897
4.46072
4.46072
5.55579
5.55579
5.2425
5.2425
5.22395
5.22395
5.43038
5.43038
5.15466
5.15466
4.85356
4.85356
4.89114
4.89114
5.02631
5.02631
4.86332
4.86332
4.87942
4.87942
5.60654
5.60654
5.12977
5.12977
4.98386
4.98386
5.51626
5.51626
5.14978
5.14978
4.6852
4.6852
5.06389
5.06389
5.11269
5.11269
4.62322
4.62322
5.10488
5.10488
6.04867
6.04867
4.89943
4.89943
5.45234
5.45234
5.39622
5.39622
5.00777
5.00777
5.02778
5.02778
6.0233
6.0233
4.50659
4.50659
5.39524
5.39524
5.27958
5.27958
5.61533
5.61533
5.54213
5.54213
4.93896
4.93896
5.35718
5.35718
4.66519
4.66519
5.63924
5.63924
5.28544
5.28544
5.47039
5.47039
5.27617
5.27617
5.64851
5.64851
5.1571
5.1571
5.40598
5.40598
4.62322
4.62322
5.51968
5.51968
5.04388
5.04388
5.58898
5.58898
5.01265
5.01265
5.45282
5.45282
5.50114
5.50114
5.26446
5.26446
5.30935
5.30935
4.98727
4.98727
5.14929
5.14929
5.14392
5.14392
5.01558
5.01558
5.24884
5.24884
5.4577
5.4577
5.23957
5.23957
5.13221
5.13221
4.82965
4.82965
4.94238
4.94238
4.89553
4.89553
5.04876
5.04876
5.31618
5.31618
5.06633
5.06633
5.26104
5.26104
5.06096
5.06096
5.40402
5.40402
4.94872
4.94872
4.80183
4.80183
5.08634
5.08634
4.84722
4.84722
5.36986
5.36986
5.03802
5.03802
5.26397
5.26397
5.11366
5.11366
4.92383
4.92383
4.87454
4.87454
4.65592
4.65592
5.09512
5.09512
4.90431
4.90431
4.99166
4.99166
5.0473
5.0473
5.36157
5.36157
4.9619
4.9619
5.08634
5.08634
4.83209
4.83209
4.68666
4.68666
5.59922
5.59922
5.10098
5.10098
5.4821
5.4821
5.04095
5.04095
5.03412
5.03412
5.01899
5.01899
5.33814
5.33814
4.7379
4.7379
5.11659
5.11659
4.76279
4.76279
4.89602
4.89602
5.15075
5.15075
5.35962
5.35962
4.83404
4.83404
5.18882
5.18882
5.11708
5.11708
5.16149
5.16149
4.82623
4.82623
4.93847
4.93847
5.17613
5.17613
5.08048
5.08048
5.23371
5.23371
5.26592
5.26592
5.36303
5.36303
5.15466
5.15466
5.09317
5.09317
4.98776
4.98776
5.05657
5.05657
5.13806
5.13806
5.25567
5.25567
5.18442
5.18442
5.24347
5.24347
5.30106
5.30106
5.19809
5.19809
5.12294
5.12294
5.19662
5.19662
5.05462
5.05462
5.0839
5.0839
5.20199
5.20199
5.32838
5.32838
4.73937
4.73937
5.60166
5.60166
5.13953
5.13953
5.15612
5.15612
5.19321
5.19321
5.2303
5.2303
5.11513
5.11513
5.24298
5.24298
5.20102
5.20102
5.21712
5.21712
5.14734
5.14734
5.19516
5.19516
5.12977
5.12977
5.05706
5.05706
5.20102
5.20102
5.22786
5.22786
5.08682
5.08682
5.08682
5.08682
5.12586
5.12586
5.12586
5.12586
5.11708
5.11708
5.16198
5.16198
5.13172
5.13172
5.15368
5.15368
5.12586
5.12586
5.12586
5.12586
5.11708
5.11708
5.16198
5.16198
5.13172
5.13172
5.15368
5.15368
5.12586
5.12586
5.13953
5.13953
5.12733
5.12733
5.12586
5.12586
5.1732
5.1732
5.13465
5.13465
5.12245
5.12245
5.12928
5.12928
5.12977
5.12977
5.13611
5.13611
5.0717
5.0717
5.11854
5.11854
5.10927
5.10927
5.19028
5.19028
5.08829
5.08829
5.12586
5.12586
5.21273
5.21273
5.14441
5.14441
5.1039
5.1039
5.14392
5.14392
5.07414
5.07414
5.18784
5.18784
5.10244
5.10244
5.16686
5.16686
5.08878
5.08878
5.19126
5.19126
5.07853
5.07853
5.14441
5.14441
5.10244
5.10244
5.12879
5.12879
5.07218
5.07218
5.15612
5.15612
5.09707
5.09707
5.12684
5.12684
5.11513
5.11513
5.13562
5.13562
5.11757
5.11757
5.15417
5.15417
5.1366
5.1366
5.11952
5.11952
5.15905
5.15905
5.11269
5.11269
5.12733
5.12733
5.1327
5.1327
5.10586
5.10586
5.10098
5.10098
5.14294
5.14294
5.13123
5.13123
5.1205
5.1205
5.15417
5.15417
5.07462
5.07462
5.16051
5.16051
5.06194
5.06194
5.17418
5.17418
5.05071
5.05071
5.18247
5.18247
5.06877
5.06877
5.14197
5.14197
5.09756
5.09756
5.14002
5.14002
5.13758
5.13758
5.08048
5.08048
5.15222
5.15222
5.07902
5.07902
5.14343
5.14343
5.07755
5.07755
5.20102
5.20102
5.06047
5.06047
5.08292
5.08292
5.10342
5.10342
5.15222
5.15222
5.11318
5.11318
5.07414
5.07414
5.1488
5.1488
5.08292
5.08292
5.16344
5.16344
4.98483
4.98483
5.16344
5.16344
5.08536
5.08536
5.13953
5.13953
5.09756
5.09756
5.1732
5.1732
5.10293
5.10293
5.12098
5.12098
5.13611
5.13611
5.1649
5.1649
5.08536
5.08536
5.1366
5.1366
5.1161
5.1161
5.08341
5.08341
5.13953
5.13953
5.12782
5.12782
5.12196
5.12196
5.10927
5.10927
5.13221
5.13221
5.13221
5.13221
5.1283
5.1283
5.12489
5.12489
5.11952
5.11952
5.10878
5.10878
5.13026
5.13026
5.16002
5.16002
5.10244
5.10244
5.14636
5.14636
5.14148
5.14148
5.12294
5.12294
5.10439
5.10439
5.11366
5.11366
5.14685
5.14685
5.09805
5.09805
5.14782
5.14782
4.98971
4.98971
5.11708
5.11708
5.07609
5.07609
5.15758
5.15758
5.08731
5.08731
5.12928
5.12928
5.0961
5.0961
5.12586
5.12586
5.10976
5.10976
5.09805
5.09805
5.15905
5.15905
5.05462
5.05462
5.17369
5.17369
5.07609
5.07609
5.11318
5.11318
5.14246
5.14246
5.10049
5.10049
5.12635
5.12635
5.11952
5.11952
5.10293
5.10293
5.1244
5.1244
5.11464
5.11464
5.11025
5.11025
5.12001
5.12001
5.17759
5.17759
5.06535
5.06535
5.15319
5.15319
5.10439
5.10439
5.16393
5.16393
5.13221
5.13221
5.12977
5.12977
5.10293
5.10293
5.12782
5.12782
5.10098
5.10098
5.11269
5.11269
5.17222
5.17222
5.11415
5.11415
5.18052
5.18052
5.0878
5.0878
5.10098
5.10098
5.13026
5.13026
5.09317
5.09317
5.14978
5.14978
5.12635
5.12635
5.10634
5.10634
5.16637
5.16637
5.11903
5.11903
5.13758
5.13758
5.11074
5.11074
5.15222
5.15222
5.11366
5.11366
5.12001
5.12001
5.09854
5.09854
5.1649
5.1649
5.10927
5.10927
5.15661
5.15661
5.09463
5.09463
5.12538
5.12538
5.13709
5.13709
5.10732
5.10732
5.14148
5.14148
5.11757
5.11757
5.0961
