6.32436
6.32436
6.32436
6.32436
6.32436
3.56072
3.56072
5.71886
5.71886
3.56063
3.56063
3.56063
3.56063
3.56081
3.56081
5.71902
5.71902
3.56072
3.56072
5.71886
5.71886
3.56063
3.56063
3.56063
3.56063
3.56081
3.56081
5.71902
5.71902
3.56072
3.56072
5.71886
5.71886
3.56063
3.56063
5.7187
5.7187
3.56054
3.56054
5.71854
5.71854
5.71846
5.71846
3.56037
3.56037
5.7183
5.7183
3.56028
3.56028
5.71815
5.71815
3.56018
3.56018
5.71799
5.71799
3.56009
3.56009
5.71783
5.71783
3.56
3.56
5.71767
5.71767
3.55991
3.55991
5.71751
5.71751
3.55982
3.55982
5.71736
5.71736
5.71728
5.71728
3.55965
3.55965
5.71712
5.71712
3.55956
3.55956
5.71696
5.71696
3.55947
3.55947
5.7168
5.7168
3.55938
3.55938
5.71664
5.71664
3.55929
3.55929
5.71649
5.71649
3.55919
3.55919
5.71633
5.71633
5.71625
5.71625
3.55902
3.55902
5.71609
5.71609
3.55893
3.55893
5.71593
5.71593
3.55884
3.55884
5.71577
5.71577
3.55875
3.55875
5.71562
5.71562
3.55866
3.55866
5.71546
5.71546
3.55857
3.55857
5.7153
5.7153
5.71522
5.71522
3.55839
3.55839
5.71507
5.71507
3.55831
3.55831
5.71491
5.71491
3.55822
3.55822
5.71475
5.71475
3.55812
3.55812
5.71459
5.71459
3.55803
3.55803
5.71443
5.71443
3.55794
3.55794
5.71428
5.71428
5.7142
5.7142
3.55777
3.55777
5.71404
5.71404
3.55768
3.55768
5.71388
5.71388
3.55759
3.55759
5.71372
5.71372
3.5575
3.5575
5.71356
5.71356
3.55741
3.55741
5.71341
5.71341
3.55732
3.55732
5.71325
5.71325
5.71317
5.71317
3.55714
3.55714
5.71301
5.71301
3.55706
3.55706
5.71285
5.71285
3.55696
3.55696
5.7127
5.7127
3.55687
3.55687
5.71254
5.71254
3.55678
3.55678
5.71238
5.71238
3.55669
3.55669
5.71222
5.71222
5.71215
5.71215
3.55652
3.55652
5.71199
5.71199
3.55643
3.55643
5.71183
5.71183
3.55634
3.55634
5.71167
5.71167
3.55625
3.55625
5.71151
5.71151
3.55616
3.55616
5.71136
5.71136
3.55607
3.55607
5.7112
5.7112
5.71112
5.71112
3.55589
3.55589
5.71096
5.71096
3.5558
3.5558
5.7108
5.7108
3.55572
3.55572
5.71065
5.71065
3.55562
3.55562
5.71049
5.71049
3.55554
3.55554
5.71033
5.71033
3.55544
3.55544
5.71017
5.71017
5.71009
5.71009
3.55527
3.55527
5.70994
5.70994
3.55518
3.55518
5.70978
5.70978
3.55509
3.55509
5.70962
5.70962
3.555
3.555
5.70946
5.70946
3.55491
3.55491
5.70931
5.70931
3.55482
3.55482
5.70915
5.70915
5.70907
5.70907
3.55465
3.55465
5.70891
5.70891
3.55456
3.55456
5.70875
5.70875
3.55447
3.55447
5.7086
5.7086
3.55438
3.55438
5.70844
5.70844
3.55429
3.55429
5.70828
5.70828
3.55419
3.55419
5.70812
5.70812
5.70805
5.70805
3.55402
3.55402
5.70789
5.70789
3.55393
3.55393
5.70773
5.70773
3.55384
3.55384
5.70757
5.70757
3.55375
3.55375
5.70742
5.70742
3.55366
3.55366
5.70726
5.70726
3.55357
3.55357
5.7071
5.7071
5.70702
5.70702
3.5534
3.5534
5.70687
5.70687
3.55331
3.55331
5.70671
5.70671
3.55322
3.55322
5.70655
5.70655
3.55313
3.55313
5.70639
5.70639
3.55304
3.55304
5.70623
5.70623
5.70616
5.70616
3.55287
3.55287
5.706
5.706
3.55278
3.55278
5.70584
5.70584
3.55269
3.55269
5.70568
5.70568
3.5526
3.5526
5.70553
5.70553
3.55251
3.55251
5.70537
5.70537
3.55242
3.55242
5.70521
5.70521
3.55233
3.55233
5.70505
5.70505
5.70498
5.70498
5.7049
5.7049
3.55208
3.55208
5.70474
5.70474
3.55199
3.55199
5.70458
5.70458
3.5519
3.5519
5.70443
5.70443
3.55182
3.55182
5.70427
5.70427
3.55173
3.55173
5.70411
5.70411
3.55164
3.55164
5.70395
5.70395
3.55155
3.55155
5.7038
5.7038
3.55146
3.55146
5.70364
5.70364
3.55137
3.55137
5.70348
5.70348
3.55128
3.55128
5.70332
5.70332
5.70324
5.70324
5.70317
5.70317
3.55102
3.55102
5.70301
5.70301
3.55094
3.55094
5.70285
5.70285
3.55085
3.55085
5.7027
5.7027
3.55076
3.55076
5.70254
5.70254
3.55067
3.55067
5.70238
5.70238
3.55058
3.55058
5.70222
5.70222
3.55049
3.55049
5.70202
5.70202
3.55035
3.55035
5.70189
5.70189
3.55025
3.55025
5.70174
5.70174
3.55016
3.55016
5.7016
5.7016
3.55006
3.55006
5.70141
5.70141
3.54992
3.54992
5.70128
5.70128
3.54984
3.54984
5.70114
5.70114
3.54978
3.54978
5.70097
5.70097
3.54971
3.54971
5.70082
5.70082
3.54962
3.54962
5.70065
5.70065
3.54953
3.54953
5.70048
5.70048
3.54943
3.54943
5.70034
5.70034
3.54932
3.54932
5.7002
5.7002
3.54923
3.54923
5.70003
5.70003
3.54913
3.54913
5.69985
5.69985
3.54902
3.54902
5.69972
5.69972
3.54894
3.54894
5.69957
5.69957
3.54886
3.54886
5.69941
5.69941
3.54877
3.54877
5.69925
5.69925
3.54869
3.54869
5.69908
5.69908
5.69901
5.69901
5.69895
5.69895
3.54845
3.54845
5.69877
5.69877
3.54835
3.54835
5.69861
5.69861
3.54825
3.54825
5.69846
5.69846
3.54816
3.54816
5.6983
5.6983
3.54808
3.54808
5.69815
5.69815
3.54799
3.54799
5.69799
5.69799
3.5479
3.5479
5.69783
5.69783
3.5478
3.5478
5.69768
5.69768
3.54771
3.54771
5.69752
5.69752
3.54762
3.54762
5.69737
5.69737
3.54753
3.54753
5.69722
5.69722
5.69714
5.69714
3.54736
3.54736
5.69698
5.69698
3.54728
3.54728
5.69682
5.69682
3.54719
3.54719
5.69667
5.69667
5.69657
5.69657
3.54701
3.54701
5.69643
5.69643
3.54691
3.54691
5.69627
5.69627
3.54682
3.54682
5.69612
5.69612
3.54674
3.54674
5.69597
5.69597
3.54666
3.54666
5.6958
5.6958
3.54657
3.54657
5.69564
5.69564
3.54648
3.54648
5.69549
5.69549
5.69541
5.69541
3.54631
3.54631
5.69525
5.69525
3.54621
3.54621
5.69509
5.69509
3.54612
3.54612
5.69494
5.69494
3.54602
3.54602
5.69479
5.69479
3.54594
3.54594
5.69463
5.69463
3.54585
3.54585
5.69447
5.69447
3.54576
3.54576
5.69432
5.69432
3.54567
3.54567
5.69416
5.69416
5.69408
5.69408
3.5455
3.5455
5.69393
5.69393
3.54541
3.54541
5.69377
5.69377
3.54532
3.54532
5.69362
5.69362
3.54523
3.54523
5.69346
5.69346
3.54515
3.54515
5.69331
5.69331
3.54506
3.54506
5.69315
5.69315
5.69308
5.69308
3.54489
3.54489
5.69292
5.69292
3.5448
3.5448
5.69276
5.69276
3.54472
3.54472
5.69261
5.69261
3.54463
3.54463
5.69245
5.69245
5.69237
5.69237
3.54445
3.54445
5.69222
5.69222
3.54436
3.54436
5.69206
5.69206
3.54428
3.54428
5.69191
5.69191
3.5442
3.5442
5.69174
5.69174
3.54409
3.54409
5.69159
5.69159
3.544
3.544
5.69144
5.69144
3.54391
3.54391
5.69128
5.69128
3.54382
3.54382
5.69112
5.69112
3.54372
3.54372
5.69097
5.69097
3.54363
3.54363
5.69081
5.69081
3.54354
3.54354
5.69066
5.69066
3.54344
3.54344
5.6905
5.6905
5.69043
5.69043
3.54328
3.54328
5.69027
5.69027
3.54318
3.54318
5.69011
5.69011
3.54309
3.54309
5.68995
5.68995
3.543
3.543
5.6898
5.6898
3.54292
3.54292
5.68965
5.68965
3.54283
3.54283
5.68949
5.68949
3.54273
3.54273
5.68933
5.68933
3.54264
3.54264
5.68918
5.68918
5.6891
5.6891
3.54247
3.54247
5.68895
5.68895
3.54239
3.54239
5.68879
5.68879
3.5423
3.5423
5.68864
5.68864
3.54222
3.54222
5.68848
5.68848
3.54213
3.54213
5.68832
5.68832
5.68824
5.68824
5.68817
5.68817
3.54188
3.54188
5.68801
5.68801
3.54179
3.54179
5.68786
5.68786
3.54171
3.54171
5.6877
5.6877
3.54162
3.54162
5.68754
5.68754
3.54153
3.54153
5.68739
5.68739
5.68739
5.68739
3.52827
3.52827
3.52827
3.52827
3.52845
3.52845
5.66585
5.66585
3.52836
3.52836
5.66569
5.66569
3.52827
3.52827
3.52827
3.52827
3.52845
3.52845
5.66585
5.66585
3.52836
3.52836
5.66569
5.66569
3.52827
3.52827
5.66554
5.66554
3.52819
3.52819
5.66538
5.66538
3.5281
3.5281
5.66523
5.66523
3.52801
3.52801
5.66507
5.66507
5.665
5.665
3.52784
3.52784
5.66484
5.66484
3.52775
3.52775
5.66469
5.66469
3.52766
3.52766
5.66454
5.66454
3.52758
3.52758
5.66438
5.66438
3.52749
3.52749
5.66423
5.66423
3.5274
3.5274
5.66407
5.66407
5.66399
5.66399
3.52723
3.52723
5.66384
5.66384
3.52714
3.52714
5.66368
5.66368
3.52705
3.52705
5.66353
5.66353
3.52696
3.52696
5.66338
5.66338
3.52687
3.52687
5.66322
5.66322
3.52678
3.52678
5.66307
5.66307
3.52669
3.52669
5.66291
5.66291
3.5266
3.5266
5.66276
5.66276
5.66268
5.66268
3.52643
3.52643
5.66253
5.66253
3.52634
3.52634
5.66237
5.66237
3.52626
3.52626
5.66222
5.66222
3.52617
3.52617
5.66207
5.66207
3.52608
3.52608
5.66191
5.66191
3.52599
3.52599
5.66176
5.66176
5.66168
5.66168
3.52582
3.52582
5.66153
5.66153
3.52573
3.52573
5.66137
5.66137
3.52564
3.52564
5.66122
5.66122
3.52555
3.52555
5.66106
5.66106
3.52547
3.52547
5.66091
5.66091
3.52538
3.52538
5.66076
5.66076
3.52529
3.52529
5.6606
5.6606
3.5252
3.5252
5.66045
5.66045
5.66037
5.66037
3.52503
3.52503
5.66022
5.66022
3.52494
3.52494
5.66006
5.66006
3.52486
3.52486
5.65991
5.65991
3.52477
3.52477
5.65976
5.65976
3.52468
3.52468
5.6596
5.6596
5.65952
5.65952
3.52451
3.52451
5.65937
5.65937
3.52442
3.52442
5.65922
5.65922
3.52434
3.52434
5.65906
5.65906
3.52425
3.52425
5.65891
5.65891
3.52416
3.52416
5.65875
5.65875
3.52407
3.52407
5.6586
5.6586
3.52398
3.52398
5.65844
5.65844
5.65837
5.65837
3.52381
3.52381
5.65821
5.65821
3.52372
3.52372
5.65806
5.65806
3.52364
3.52364
5.65791
5.65791
3.52355
3.52355
5.65775
5.65775
3.52346
3.52346
5.6576
5.6576
3.52337
3.52337
5.65744
5.65744
5.65737
5.65737
3.5232
3.5232
5.65721
5.65721
3.52312
3.52312
5.65706
5.65706
3.52303
3.52303
5.65691
5.65691
3.52294
3.52294
5.65675
5.65675
3.52286
3.52286
5.6566
5.6566
3.52277
3.52277
5.65644
5.65644
5.65637
5.65637
3.5226
3.5226
5.65621
5.65621
3.52251
3.52251
5.65606
5.65606
3.52242
3.52242
5.65591
5.65591
3.52234
3.52234
5.65575
5.65575
3.52225
3.52225
5.6556
5.6556
3.52216
3.52216
5.65544
5.65544
5.65537
5.65537
3.52199
3.52199
5.65521
5.65521
3.5219
3.5219
5.65506
5.65506
3.52181
3.52181
5.65491
5.65491
3.52172
3.52172
5.65475
5.65475
3.52164
3.52164
5.6546
5.6546
3.52155
3.52155
5.65444
5.65444
3.52146
3.52146
5.65429
5.65429
5.65421
5.65421
3.52129
3.52129
5.65406
5.65406
3.5212
3.5212
5.65391
5.65391
3.52111
3.52111
5.65375
5.65375
3.52103
3.52103
5.6536
5.6536
3.52094
3.52094
5.65344
5.65344
3.52085
3.52085
5.65329
5.65329
3.52076
3.52076
5.65314
5.65314
5.65306
5.65306
3.52059
3.52059
5.65291
5.65291
3.5205
3.5205
5.65275
5.65275
3.52042
3.52042
5.6526
5.6526
3.52033
3.52033
5.65245
5.65245
3.52024
3.52024
5.65229
