6.9527e-310
6.9527e-310
4.1445
4.1445
4.13522
4.13522
4.11961
4.11961
4.16548
4.16548
4.13962
4.13962
4.13962
4.13962
4.1445
4.1445
4.13522
4.13522
4.11961
4.11961
4.16548
4.16548
4.13962
4.13962
4.13962
4.13962
4.1445
4.1445
4.13522
4.13522
4.11961
4.11961
4.16548
4.16548
4.13962
4.13962
4.11717
4.11717
4.13864
4.13864
4.14254
4.14254
4.12205
4.12205
4.15084
4.15084
4.12986
4.12986
4.12839
4.12839
4.16353
4.16353
4.124
4.124
4.12742
4.12742
4.16987
4.16987
4.12107
4.12107
4.13815
4.13815
4.14498
4.14498
4.1362
4.1362
4.16206
4.16206
4.1323
4.1323
4.12205
4.12205
4.14742
4.14742
4.15279
4.15279
4.13034
4.13034
4.14596
4.14596
4.13083
4.13083
4.14108
4.14108
4.13669
4.13669
4.11912
4.11912
4.12254
4.12254
4.14547
4.14547
4.12595
4.12595
4.16158
4.16158
4.12742
4.12742
4.12839
4.12839
4.14206
4.14206
4.14254
4.14254
4.13327
4.13327
4.12449
4.12449
4.11863
4.11863
4.16109
4.16109
4.16109
4.16109
4.11619
4.11619
4.13962
4.13962
4.1323
4.1323
4.13132
4.13132
4.1362
4.1362
4.13034
4.13034
4.12644
4.12644
4.14303
4.14303
4.1279
4.1279
4.13815
4.13815
4.14157
4.14157
4.12498
4.12498
4.12986
4.12986
4.12498
4.12498
4.14401
4.14401
4.17134
4.17134
4.10204
4.10204
4.1079
4.1079
4.18451
4.18451
4.1279
4.1279
4.11912
4.11912
4.14889
4.14889
4.14742
4.14742
4.15426
4.15426
4.1484
4.1484
4.1201
4.1201
4.11961
4.11961
4.15962
4.15962
4.1401
4.1401
4.11668
4.11668
4.17231
4.17231
4.13425
4.13425
4.14547
4.14547
4.13474
4.13474
4.12107
4.12107
4.13864
4.13864
4.13425
4.13425
4.10887
4.10887
4.13474
4.13474
4.14596
4.14596
4.11766
4.11766
4.14254
4.14254
4.11863
4.11863
4.13815
4.13815
4.17134
4.17134
4.124
4.124
4.12498
4.12498
4.15279
4.15279
4.1323
4.1323
4.13376
4.13376
4.13571
4.13571
4.13962
4.13962
4.15328
4.15328
4.13962
4.13962
4.11131
4.11131
4.15084
4.15084
4.14645
4.14645
4.12644
4.12644
4.14352
4.14352
4.11668
4.11668
4.12254
4.12254
4.1567
4.1567
4.12839
4.12839
4.1118
4.1118
4.16597
4.16597
4.15572
4.15572
4.13766
4.13766
4.10546
4.10546
4.13815
4.13815
4.14889
4.14889
4.12595
4.12595
4.11473
4.11473
4.15377
4.15377
4.14498
4.14498
4.13474
4.13474
4.12546
4.12546
4.12058
4.12058
4.14889
4.14889
4.12058
4.12058
4.12449
4.12449
4.14254
4.14254
4.1323
4.1323
4.15182
4.15182
4.12156
4.12156
4.11522
4.11522
4.1523
4.1523
4.13815
4.13815
4.12058
4.12058
4.12986
4.12986
4.14254
4.14254
4.1323
4.1323
4.16109
4.16109
4.11375
4.11375
4.12644
4.12644
4.16011
4.16011
4.11863
4.11863
4.12839
4.12839
4.14303
4.14303
4.12644
4.12644
4.1484
4.1484
4.1201
4.1201
4.10692
4.10692
4.15621
4.15621
4.13132
4.13132
4.13181
4.13181
4.15718
4.15718
4.12644
4.12644
4.13571
4.13571
4.12742
4.12742
4.11082
4.11082
4.14059
4.14059
4.14108
4.14108
4.11668
4.11668
4.13669
4.13669
4.13913
4.13913
4.14596
4.14596
4.1567
4.1567
4.11766
4.11766
4.12156
4.12156
4.15279
4.15279
4.14352
4.14352
4.13278
4.13278
4.12302
4.12302
4.13132
4.13132
4.15377
4.15377
4.14889
4.14889
4.10009
4.10009
4.15279
4.15279
4.13376
4.13376
4.11961
4.11961
4.14742
4.14742
4.14059
4.14059
4.14059
4.14059
4.1362
4.1362
4.12351
4.12351
4.15084
4.15084
4.13522
4.13522
4.14059
4.14059
4.12302
4.12302
4.12156
4.12156
4.16255
4.16255
4.14791
4.14791
4.11814
4.11814
4.14742
4.14742
4.13766
4.13766
4.12302
4.12302
4.15621
4.15621
4.11619
4.11619
4.12888
4.12888
4.17719
4.17719
4.13474
4.13474
4.12302
4.12302
4.1523
4.1523
4.13571
4.13571
4.1323
4.1323
4.11961
4.11961
4.11619
4.11619
4.14742
4.14742
4.17426
4.17426
4.13425
4.13425
4.11863
4.11863
4.12693
4.12693
4.13474
4.13474
4.15084
4.15084
4.10448
4.10448
4.15377
4.15377
4.15182
4.15182
4.13425
4.13425
4.124
4.124
4.1484
4.1484
4.27772
4.27772
6.23997
6.23997
8.1051
8.1051
4.83209
4.83209
4.01664
4.01664
4.82184
4.82184
3.68724
3.68724
5.0878
5.0878
3.02942
3.02942
3.5018
3.5018
3.3393
3.3393
4.45096
4.45096
4.57003
4.57003
3.8961
3.8961
4.19671
4.19671
4.05861
4.05861
3.87073
3.87073
3.65796
3.65796
3.71652
3.71652
3.87756
3.87756
4.32457
4.32457
4.15377
4.15377
4.19818
4.19818
3.88439
3.88439
3.91806
3.91806
4.02298
4.02298
3.55402
3.55402
3.93466
3.93466
3.99419
3.99419
4.43876
4.43876
4.2543
4.2543
4.2216
4.2216
3.99956
3.99956
3.65357
3.65357
3.86682
3.86682
3.75995
3.75995
3.99907
3.99907
4.10838
4.10838
4.20647
4.20647
4.12693
4.12693
3.86682
3.86682
3.65015
3.65015
3.97955
3.97955
3.71847
3.71847
4.23575
4.23575
4.01713
4.01713
4.3519
4.3519
4.12693
4.12693
4.02445
4.02445
4.10546
4.10546
3.59794
3.59794
3.96784
3.96784
3.65454
3.65454
3.9127
3.9127
4.19476
4.19476
4.35385
4.35385
4.20745
4.20745
4.04104
4.04104
3.90928
3.90928
3.98346
3.98346
3.81314
3.81314
3.55987
3.55987
4.3719
4.3719
4.02347
4.02347
4.1972
4.1972
4.1728
4.1728
3.88927
3.88927
3.95125
3.95125
3.97565
3.97565
3.86487
3.86487
4.05129
4.05129
3.9615
3.9615
4.22843
4.22843
4.14938
4.14938
4.00346
4.00346
4.0913
4.0913
3.82974
3.82974
3.87951
3.87951
4.18012
4.18012
4.0791
4.0791
4.18061
4.18061
4.15962
4.15962
4.03909
4.03909
4.07422
4.07422
3.81754
3.81754
3.97906
3.97906
4.04348
4.04348
4.12595
4.12595
4.08642
4.08642
4.07325
4.07325
4.19037
4.19037
4.15865
4.15865
3.98004
3.98004
3.84194
3.84194
4.20159
4.20159
4.063
4.063
4.26942
4.26942
4.23087
4.23087
4.20159
4.20159
4.12302
4.12302
4.0181
4.0181
3.88683
3.88683
4.23136
4.23136
4.03811
4.03811
4.32018
4.32018
4.1606
4.1606
4.05714
4.05714
4.36458
4.36458
4.03421
4.03421
4.02542
4.02542
4.17768
4.17768
3.9571
3.9571
4.46609
4.46609
4.02982
4.02982
4.19671
4.19671
4.17719
4.17719
4.34848
4.34848
4.30651
4.30651
4.04348
4.04348
4.1484
4.1484
4.0591
4.0591
4.27333
4.27333
4.0469
4.0469
4.27626
4.27626
4.11229
4.11229
4.27918
4.27918
4.34604
4.34604
4.0142
4.0142
4.04592
4.04592
4.04397
4.04397
4.25674
4.25674
4.3841
4.3841
4.19525
4.19525
4.17963
4.17963
4.18256
4.18256
4.23087
4.23087
4.22843
4.22843
3.94149
3.94149
4.17914
4.17914
4.27333
4.27333
4.12351
4.12351
4.23136
4.23136
4.28992
4.28992
4.14596
4.14596
4.19525
4.19525
4.24356
4.24356
4.246
4.246
4.23429
4.23429
4.13913
4.13913
4.02006
4.02006
4.37044
4.37044
4.29236
4.29236
4.19183
4.19183
4.34018
4.34018
4.27674
4.27674
4.15523
4.15523
4.2216
4.2216
4.25332
4.25332
4.0425
4.0425
4.23234
4.23234
4.23575
4.23575
4.26845
4.26845
4.32945
4.32945
4.24258
4.24258
4.24551
4.24551
4.19427
4.19427
4.26113
4.26113
4.11863
4.11863
4.11131
4.11131
4.10838
4.10838
4.39679
4.39679
4.38996
4.38996
4.38118
4.38118
4.05519
4.05519
4.21574
4.21574
4.31432
4.31432
4.14742
4.14742
4.13766
4.13766
4.20306
4.20306
4.12254
4.12254
4.13913
4.13913
4.33726
4.33726
4.27918
4.27918
4.16694
4.16694
4.17475
4.17475
4.11814
4.11814
4.06056
4.06056
4.22209
4.22209
4.29529
4.29529
4.29529
4.29529
4.16255
4.16255
4.16206
4.16206
4.07374
4.07374
4.12839
4.12839
4.03714
4.03714
4.03714
4.03714
4.16255
4.16255
4.16206
4.16206
4.07374
4.07374
4.12839
4.12839
4.03714
4.03714
4.14889
4.14889
4.11473
4.11473
4.10106
4.10106
4.14938
4.14938
4.09228
4.09228
4.13718
4.13718
4.11619
4.11619
4.12546
4.12546
4.1567
4.1567
4.14498
4.14498
4.11082
4.11082
4.13083
4.13083
4.06544
4.06544
4.11668
4.11668
4.18598
4.18598
4.17622
4.17622
4.11131
4.11131
4.06837
4.06837
4.12449
4.12449
4.16255
4.16255
4.12693
4.12693
4.10399
4.10399
4.08057
4.08057
4.12254
4.12254
4.15279
4.15279
4.12449
4.12449
4.07178
4.07178
4.12888
4.12888
4.1157
4.1157
4.17719
4.17719
4.09326
4.09326
4.13376
4.13376
4.15572
4.15572
4.12058
4.12058
4.10302
4.10302
4.1201
4.1201
4.10643
4.10643
4.1728
4.1728
4.06983
4.06983
4.1201
4.1201
4.1362
4.1362
4.15914
4.15914
4.12302
4.12302
4.11912
4.11912
4.11082
4.11082
4.07422
4.07422
4.12937
4.12937
4.07813
4.07813
4.14498
4.14498
4.16011
4.16011
4.12986
4.12986
4.11131
4.11131
4.11034
4.11034
4.11473
4.11473
4.18598
4.18598
4.13815
4.13815
4.0913
4.0913
4.12107
4.12107
4.14547
4.14547
4.16109
4.16109
4.11912
4.11912
4.15718
4.15718
4.13669
4.13669
4.12302
4.12302
4.11326
4.11326
4.1728
4.1728
4.19037
4.19037
4.08594
4.08594
4.14254
4.14254
4.16158
4.16158
4.12351
4.12351
4.10546
4.10546
4.13083
4.13083
4.0957
4.0957
4.14986
4.14986
4.13522
4.13522
4.15182
4.15182
4.0957
4.0957
4.13815
4.13815
4.23234
4.23234
4.1157
4.1157
4.10106
4.10106
4.19427
4.19427
4.14108
4.14108
4.11961
4.11961
4.21184
4.21184
4.11326
4.11326
4.12839
4.12839
4.20647
4.20647
4.14157
4.14157
4.07374
4.07374
4.13181
4.13181
4.15718
4.15718
4.14498
4.14498
4.13864
4.13864
4.1606
4.1606
4.12693
4.12693
4.15035
4.15035
4.17914
4.17914
4.1889
4.1889
4.15328
4.15328
4.06934
4.06934
4.18646
4.18646
4.15279
4.15279
4.12742
4.12742
4.21477
4.21477
4.15084
4.15084
4.1972
4.1972
4.17573
4.17573
4.05324
4.05324
4.14938
4.14938
4.16304
4.16304
4.2133
4.2133
4.1567
4.1567
4.06934
4.06934
4.09521
4.09521
4.15035
4.15035
4.23136
4.23136
4.17426
4.17426
4.13034
4.13034
4.07813
4.07813
4.1118
4.1118
4.1523
4.1523
4.20159
4.20159
4.14401
4.14401
4.16597
4.16597
4.12839
4.12839
4.1689
4.1689
4.1401
4.1401
4.15133
4.15133
4.15182
4.15182
4.11814
4.11814
4.11863
4.11863
4.14157
4.14157
4.15133
4.15133
4.15816
4.15816
4.18793
4.18793
4.18354
4.18354
4.16109
4.16109
4.11619
4.11619
4.1279
4.1279
4.21038
4.21038
4.06495
4.06495
4.1323
4.1323
4.09716
4.09716
4.1767
4.1767
4.15279
4.15279
4.17036
4.17036
4.19915
4.19915
4.15718
4.15718
4.11326
4.11326
4.08496
4.08496
4.16304
4.16304
4.14108
4.14108
4.1362
4.1362
4.16402
4.16402
4.1484
4.1484
4.13034
4.13034
4.16694
4.16694
4.16402
4.16402
4.16011
4.16011
4.16938
4.16938
4.14742
4.14742
4.14498
4.14498
4.12107
4.12107
4.10497
4.10497
4.11814
4.11814
4.1484
4.1484
4.1767
4.1767
4.21086
4.21086
4.13815
4.13815
4.09082
4.09082
4.12107
4.12107
4.11668
4.11668
4.15328
4.15328
4.12595
4.12595
4.16206
4.16206
4.14938
4.14938
4.14596
4.14596
4.14157
4.14157
4.18256
4.18256
4.11619
4.11619
4.10253
4.10253
4.10448
4.10448
4.09911
4.09911
4.18256
4.18256
4.21135
4.21135
4.20989
4.20989
4.12351
4.12351
4.07569
4.07569
4.06007
4.06007
4.1323
4.1323
4.16011
4.16011
4.18012
4.18012
4.17866
4.17866
4.06886
4.06886
4.10253
4.10253
4.16597
4.16597
4.16499
4.16499
4.14889
4.14889
4.12058
4.12058
4.06642
4.06642
4.15426
4.15426
4.21282
4.21282
4.18598
4.18598
4.1728
4.1728
4.10204
4.10204
4.04006
4.04006
4.10253
4.10253
4.14254
4.14254
4.18598
4.18598
4.17963
4.17963
4.18793
4.18793
4.11326
4.11326
4.11814
4.11814
4.10155
4.10155
4.10497
4.10497
4.14401
4.14401
4.15621
4.15621
4.17524
4.17524
4.11473
4.11473
4.15816
4.15816
4.17524
4.17524
4.10058
4.10058
4.0791
4.0791
4.07374
4.07374
4.13474
4.13474
4.17426
4.17426
4.17963
4.17963
4.14059
4.14059
4.15621
4.15621
4.16694
4.16694
4.12498
4.12498
4.10302
4.10302
4.03079
4.03079
4.08203
4.08203
4.14986
4.14986
4.15767
4.15767
4.14498
4.14498
4.17817
4.17817
4.15328
4.15328
4.10399
4.10399
4.12156
4.12156
4.09228
4.09228
4.12839
4.12839
4.17134
4.17134
4.16402
4.16402
4.14157
4.14157
4.124
4.124
4.14206
4.14206
4.11912
4.11912
4.10448
4.10448
4.11717
4.11717
4.14206
4.14206
4.16402
4.16402
4.17231
4.17231
4.16011
4.16011
4.13034
4.13034
4.12205
4.12205
4.11912
4.11912
4.11814
4.11814
4.06934
4.06934
4.16353
4.16353
4.14352
4.14352
4.12986
4.12986
4.1157
4.1157
4.1362
4.1362
4.10448
4.10448
4.11131
4.11131
4.11278
4.11278
4.08984
4.08984
4.1323
4.1323
4.16646
4.16646
4.13522
4.13522
4.19134
4.19134
4.11814
4.11814
4.13571
4.13571
4.14596
4.14596
4.14254
4.14254
4.14401
4.14401
4.08984
4.08984
4.10448
4.10448
4.13815
4.13815
4.14157
4.14157
4.1445
4.1445
4.15426
4.15426
4.15962
4.15962
4.1767
4.1767
4.17231
4.17231
4.08691
4.08691
4.12058
4.12058
4.11717
4.11717
4.12058
4.12058
4.10643
4.10643
4.12986
4.12986
4.15767
4.15767
4.22111
4.22111
4.19037
4.19037
4.14938
4.14938
4.14889
4.14889
4.08838
4.08838
4.06446
4.06446
4.13376
4.13376
4.12205
4.12205
4.11668
4.11668
4.16011
4.16011
4.19525
4.19525
4.21916
4.21916
4.16499
4.16499
4.10399
4.10399
4.08398
4.08398
4.08838
4.08838
4.11131
4.11131
4.13132
4.13132
4.12351
4.12351
4.16694
4.16694
4.18354
4.18354
4.18207
4.18207
4.16304
4.16304
4.10497
4.10497
4.11766
4.11766
4.12986
4.12986
4.11522
4.11522
4.1157
4.1157
4.13034
4.13034
4.11863
4.11863
4.14791
4.14791
4.17085
4.17085
4.14108
4.14108
4.13962
4.13962
4.15718
4.15718
4.11326
4.11326
4.18598
4.18598
4.12546
4.12546
4.1201
4.1201
4.11522
4.11522
4.11766
4.11766
4.14059
4.14059
4.14645
4.14645
4.06251
4.06251
4.18549
4.18549
4.15182
4.15182
4.13913
4.13913
4.15621
4.15621
4.11229
