6.9527e-310
6.9527e-310
5.62122
5.62122
3.83033
3.83033
5.62118
5.62118
3.83032
3.83032
5.62114
5.62114
5.62114
5.62114
5.62122
5.62122
3.83033
3.83033
5.62118
5.62118
3.83032
3.83032
5.62114
5.62114
5.62114
5.62114
5.62122
5.62122
3.83033
3.83033
5.62118
5.62118
3.83032
3.83032
5.62114
5.62114
3.83032
3.83032
5.6211
5.6211
3.83032
3.83032
5.62107
5.62107
3.83031
3.83031
5.62103
5.62103
3.83031
3.83031
5.62099
5.62099
3.83031
3.83031
5.62095
5.62095
3.8303
3.8303
5.62091
5.62091
3.8303
3.8303
5.62087
5.62087
3.8303
3.8303
5.62083
5.62083
3.83029
3.83029
5.62079
5.62079
3.83029
3.83029
5.62076
5.62076
3.83029
3.83029
5.62072
5.62072
3.83028
3.83028
5.62068
5.62068
3.83028
3.83028
5.62064
5.62064
3.83028
3.83028
5.6206
5.6206
3.83027
3.83027
5.62056
5.62056
3.83027
3.83027
5.62052
5.62052
3.83027
3.83027
5.62048
5.62048
3.83026
3.83026
5.62045
5.62045
3.83026
3.83026
5.62041
5.62041
3.83026
3.83026
5.62037
5.62037
3.83025
3.83025
5.62033
5.62033
3.83025
3.83025
5.62029
5.62029
3.83025
3.83025
5.62025
5.62025
3.83024
3.83024
5.62021
5.62021
3.83024
3.83024
5.62018
5.62018
3.83024
3.83024
5.62014
5.62014
3.83023
3.83023
5.6201
5.6201
3.83023
3.83023
5.62006
5.62006
3.83023
3.83023
5.62002
5.62002
3.83022
3.83022
5.61998
5.61998
3.83022
3.83022
5.61994
5.61994
3.83022
3.83022
5.61991
5.61991
3.83021
3.83021
5.61987
5.61987
3.83021
3.83021
5.61983
5.61983
3.83021
3.83021
5.61979
5.61979
3.8302
3.8302
5.61975
5.61975
3.8302
3.8302
5.61971
5.61971
3.8302
3.8302
5.61967
5.61967
3.83019
3.83019
5.61963
5.61963
3.83019
3.83019
5.6196
5.6196
3.83019
3.83019
5.61956
5.61956
3.83018
3.83018
5.61952
5.61952
3.83018
3.83018
5.61948
5.61948
3.83018
3.83018
5.61944
5.61944
3.83017
3.83017
5.6194
5.6194
3.83017
3.83017
5.61936
5.61936
3.83017
3.83017
5.61932
5.61932
3.83016
3.83016
5.61929
5.61929
3.83016
3.83016
5.61925
5.61925
3.83016
3.83016
5.61921
5.61921
3.83015
3.83015
5.61917
5.61917
3.83015
3.83015
5.61913
5.61913
3.83015
3.83015
5.61909
5.61909
3.83014
3.83014
5.61905
5.61905
3.83014
3.83014
5.61902
5.61902
3.83014
3.83014
5.61898
5.61898
3.83013
3.83013
5.61894
5.61894
3.83013
3.83013
5.6189
5.6189
3.83013
3.83013
5.61886
5.61886
3.83012
3.83012
5.61882
5.61882
3.83012
3.83012
5.61878
5.61878
3.83012
3.83012
5.61875
5.61875
3.83011
3.83011
5.61871
5.61871
3.83011
3.83011
5.61867
5.61867
3.83011
3.83011
5.61863
5.61863
3.8301
3.8301
5.61859
5.61859
3.8301
3.8301
5.61855
5.61855
3.8301
3.8301
5.61851
5.61851
3.83009
3.83009
5.61847
5.61847
3.83009
3.83009
5.61844
5.61844
3.83009
3.83009
5.6184
5.6184
3.83008
3.83008
5.61836
5.61836
3.83008
3.83008
5.61832
5.61832
3.83008
3.83008
5.61828
5.61828
3.83007
3.83007
5.61824
5.61824
3.83007
3.83007
5.6182
5.6182
3.83007
3.83007
5.61817
5.61817
3.83006
3.83006
5.61813
5.61813
3.83006
3.83006
5.61809
5.61809
3.83006
3.83006
5.61805
5.61805
3.83005
3.83005
5.61801
5.61801
3.83005
3.83005
5.61797
5.61797
3.83005
3.83005
5.61793
5.61793
3.83004
3.83004
5.61789
5.61789
3.83004
3.83004
5.61786
5.61786
3.83004
3.83004
5.61782
5.61782
3.83003
3.83003
5.61778
5.61778
3.83003
3.83003
5.61774
5.61774
3.83003
3.83003
5.6177
5.6177
3.83002
3.83002
5.61766
5.61766
3.83002
3.83002
5.61762
5.61762
3.83002
3.83002
5.61758
5.61758
3.83001
3.83001
5.61754
5.61754
3.83001
3.83001
5.61751
5.61751
3.83001
3.83001
5.61747
5.61747
3.83
3.83
5.61743
5.61743
3.83
3.83
5.61739
5.61739
3.83
3.83
5.61735
5.61735
3.82999
3.82999
5.61731
5.61731
3.82999
3.82999
5.61727
5.61727
3.82999
3.82999
5.61723
5.61723
3.82998
3.82998
5.61719
5.61719
3.82998
3.82998
5.61716
5.61716
3.82998
3.82998
5.61712
5.61712
3.82997
3.82997
5.61708
5.61708
3.82997
3.82997
5.61701
5.61701
3.82996
3.82996
5.61696
5.61696
3.82996
3.82996
5.6169
5.6169
3.82995
3.82995
5.61685
5.61685
3.82995
3.82995
5.6168
5.6168
3.82994
3.82994
5.61675
5.61675
3.82994
3.82994
5.61672
5.61672
3.82992
3.82992
6.09149
6.09149
3.8299
3.8299
6.09146
6.09146
3.8299
3.8299
6.09142
6.09142
6.09139
6.09139
5.49808
5.49808
5.49807
5.49807
3.82984
3.82984
5.49803
5.49803
3.82981
3.82981
5.49799
5.49799
3.82979
3.82979
5.49796
5.49796
3.82979
3.82979
5.49792
5.49792
3.82976
3.82976
5.49789
5.49789
3.82974
3.82974
6.57643
6.57643
3.82974
3.82974
6.09132
6.09132
3.82974
3.82974
6.09128
6.09128
3.82973
3.82973
6.09123
6.09123
3.82973
3.82973
5.19877
5.19877
3.82973
3.82973
5.19874
5.19874
5.19873
5.19873
5.19872
5.19872
3.82969
3.82969
5.19869
5.19869
3.82969
3.82969
5.19866
5.19866
3.82968
3.82968
5.19863
5.19863
3.82968
3.82968
5.61657
5.61657
3.82966
3.82966
5.61653
5.61653
3.82963
3.82963
5.6165
5.6165
3.82961
3.82961
5.61646
5.61646
3.82959
3.82959
5.61643
5.61643
3.82956
3.82956
5.61639
5.61639
3.82956
3.82956
5.61635
5.61635
3.82956
3.82956
5.61631
5.61631
3.82955
3.82955
5.61628
5.61628
3.82955
3.82955
5.61624
5.61624
3.82955
3.82955
5.6162
5.6162
3.82955
3.82955
5.61617
5.61617
3.82952
3.82952
5.61613
5.61613
3.8295
3.8295
5.61609
5.61609
3.8295
3.8295
5.61606
5.61606
3.8295
3.8295
5.61602
5.61602
3.82949
3.82949
5.61598
5.61598
3.82949
3.82949
5.61594
5.61594
3.82948
3.82948
5.61591
5.61591
3.82948
3.82948
5.61587
5.61587
3.82948
3.82948
5.61583
5.61583
3.82947
3.82947
5.61579
5.61579
3.82947
3.82947
5.61575
5.61575
3.82947
3.82947
5.61572
5.61572
3.82947
3.82947
5.61568
5.61568
3.82946
3.82946
5.61564
5.61564
3.82946
3.82946
5.6156
5.6156
3.82946
3.82946
5.61556
5.61556
3.82945
3.82945
5.61552
5.61552
3.82945
3.82945
5.61548
5.61548
3.82944
3.82944
5.61544
5.61544
3.82944
3.82944
5.6154
5.6154
3.82944
3.82944
5.61536
5.61536
3.82943
3.82943
5.61532
5.61532
3.82943
3.82943
5.61528
5.61528
3.82943
3.82943
5.61524
5.61524
3.82942
3.82942
5.6152
5.6152
3.82942
3.82942
5.61516
5.61516
3.82942
3.82942
5.61512
5.61512
3.82941
3.82941
5.61509
5.61509
3.82941
3.82941
5.61505
5.61505
3.82941
3.82941
5.61501
5.61501
3.8294
3.8294
5.61497
5.61497
3.8294
3.8294
5.61493
5.61493
3.8294
3.8294
5.61489
5.61489
3.82939
3.82939
5.61485
5.61485
3.82939
3.82939
5.61481
5.61481
3.82939
3.82939
5.61477
5.61477
3.82938
3.82938
5.61473
5.61473
3.82938
3.82938
5.61468
5.61468
3.82938
3.82938
5.61464
5.61464
3.82937
3.82937
5.6146
5.6146
3.82937
3.82937
5.61456
5.61456
3.82937
3.82937
5.61452
5.61452
3.82936
3.82936
5.61448
5.61448
3.82936
3.82936
5.61444
5.61444
3.82935
3.82935
5.6144
5.6144
3.82935
3.82935
5.61436
5.61436
3.82935
3.82935
5.61432
5.61432
3.82934
3.82934
5.61428
5.61428
3.82934
3.82934
5.61424
5.61424
3.82934
3.82934
5.6142
5.6142
3.82933
3.82933
5.61416
5.61416
3.82933
3.82933
5.61412
5.61412
3.82933
3.82933
5.61408
5.61408
3.82932
3.82932
5.61404
5.61404
3.82932
3.82932
5.614
5.614
3.82932
3.82932
3.82932
3.82932
5.60865
5.60865
3.82886
3.82886
5.60861
5.60861
3.82885
3.82885
5.60858
5.60858
5.60858
5.60858
5.60865
5.60865
3.82886
3.82886
5.60861
5.60861
3.82885
3.82885
5.60858
5.60858
3.82885
3.82885
5.60854
5.60854
3.82885
3.82885
5.6085
5.6085
3.82884
3.82884
5.60846
5.60846
3.82884
3.82884
5.60842
5.60842
3.82884
3.82884
5.60838
5.60838
3.82883
3.82883
5.60835
5.60835
3.82883
3.82883
5.60831
5.60831
3.82883
3.82883
5.60827
5.60827
3.82882
3.82882
5.60823
5.60823
3.82882
3.82882
5.60819
5.60819
3.82882
3.82882
5.60815
5.60815
3.82881
3.82881
5.60811
5.60811
3.82881
3.82881
5.60807
5.60807
3.82881
3.82881
5.60804
5.60804
3.8288
3.8288
5.608
5.608
3.8288
3.8288
5.60796
5.60796
3.8288
3.8288
5.60792
5.60792
3.82879
3.82879
5.60788
5.60788
3.82879
3.82879
5.60784
5.60784
3.82879
3.82879
5.60781
5.60781
3.82878
3.82878
5.60777
5.60777
3.82878
3.82878
5.60773
5.60773
3.82878
3.82878
5.60769
5.60769
3.82877
3.82877
5.60765
5.60765
3.82877
3.82877
5.60761
5.60761
3.82877
3.82877
5.60757
5.60757
3.82876
3.82876
5.60754
5.60754
3.82876
3.82876
5.6075
5.6075
3.82876
3.82876
5.60746
5.60746
3.82875
3.82875
5.60742
5.60742
3.82875
3.82875
5.60738
5.60738
3.82875
3.82875
5.60734
5.60734
3.82874
3.82874
5.6073
5.6073
3.82874
3.82874
5.60726
5.60726
3.82874
3.82874
5.60722
5.60722
3.82873
3.82873
5.60719
5.60719
3.82873
3.82873
5.60715
5.60715
3.82873
3.82873
5.60711
5.60711
3.82872
3.82872
5.60707
5.60707
3.82872
3.82872
5.60703
5.60703
3.82872
3.82872
5.60699
5.60699
3.82871
3.82871
5.60695
5.60695
3.82871
3.82871
5.60691
5.60691
3.82871
3.82871
5.60687
5.60687
3.8287
3.8287
5.60683
5.60683
3.8287
3.8287
5.6068
5.6068
3.8287
3.8287
5.60676
5.60676
3.82869
3.82869
5.60672
5.60672
3.82869
3.82869
5.60668
5.60668
3.82869
3.82869
5.60664
5.60664
3.82868
3.82868
5.6066
5.6066
3.82868
3.82868
5.60656
5.60656
3.82868
3.82868
5.60652
5.60652
3.82867
3.82867
5.60648
5.60648
3.82867
3.82867
5.60644
5.60644
3.82867
3.82867
5.6064
5.6064
3.82866
3.82866
5.60636
5.60636
3.82866
3.82866
5.60633
5.60633
3.82866
3.82866
5.60629
5.60629
3.82865
3.82865
5.60625
5.60625
3.82865
3.82865
5.60621
5.60621
3.82865
3.82865
5.60617
5.60617
3.82864
3.82864
5.60613
5.60613
3.82864
3.82864
5.60609
5.60609
3.82864
3.82864
5.60605
5.60605
3.82863
3.82863
5.60601
5.60601
3.82863
3.82863
5.60597
5.60597
3.82863
3.82863
5.60594
5.60594
3.82862
3.82862
5.6059
5.6059
3.82862
3.82862
5.60586
5.60586
3.82862
3.82862
5.60582
5.60582
3.82861
3.82861
5.60578
5.60578
3.82861
3.82861
5.60574
5.60574
3.82861
3.82861
5.6057
5.6057
3.8286
3.8286
5.60566
5.60566
3.8286
3.8286
5.60562
5.60562
3.82859
3.82859
5.60558
5.60558
3.82859
3.82859
5.60554
5.60554
3.82859
3.82859
5.60551
5.60551
3.82858
3.82858
5.60547
5.60547
3.82858
3.82858
5.60543
5.60543
3.82858
3.82858
5.60539
5.60539
3.82857
3.82857
5.60535
5.60535
3.82857
3.82857
5.60531
5.60531
3.82857
3.82857
5.60527
5.60527
3.82856
3.82856
5.60523
5.60523
3.82856
3.82856
5.60519
5.60519
3.82856
3.82856
5.60515
5.60515
3.82855
3.82855
5.60511
5.60511
3.82855
3.82855
5.60508
5.60508
3.82855
3.82855
5.60504
5.60504
3.82854
3.82854
5.605
5.605
3.82854
3.82854
5.60496
5.60496
3.82854
3.82854
5.60492
5.60492
3.82853
3.82853
5.60488
5.60488
3.82853
3.82853
5.60484
5.60484
3.82853
3.82853
5.6048
5.6048
3.82852
3.82852
5.60476
5.60476
3.82852
3.82852
5.60473
5.60473
3.82852
3.82852
5.60469
5.60469
3.82851
3.82851
5.60465
5.60465
3.82851
3.82851
5.60461
5.60461
3.82851
3.82851
5.60457
5.60457
3.8285
3.8285
5.60453
5.60453
3.8285
3.8285
5.60449
5.60449
3.8285
3.8285
5.60445
5.60445
3.82849
3.82849
5.60441
5.60441
3.82849
3.82849
5.60437
5.60437
3.82849
3.82849
5.60434
5.60434
3.82848
3.82848
5.6043
5.6043
3.82848
3.82848
5.60426
5.60426
3.82848
3.82848
5.60422
5.60422
3.82847
3.82847
5.60418
5.60418
3.82847
3.82847
5.60414
5.60414
3.82847
3.82847
5.6041
5.6041
3.82846
3.82846
5.60406
5.60406
3.82846
3.82846
5.60402
5.60402
3.82846
3.82846
5.60399
5.60399
3.82845
3.82845
5.60395
5.60395
3.82845
3.82845
5.60391
5.60391
3.82845
3.82845
5.60387
5.60387
3.82844
3.82844
5.60383
5.60383
3.82844
3.82844
5.60379
5.60379
3.82844
3.82844
5.60375
5.60375
3.82843
3.82843
5.60371
5.60371
3.82843
3.82843
5.60368
5.60368
3.82843
3.82843
5.60364
5.60364
3.82842
3.82842
5.6036
5.6036
3.82842
3.82842
5.60356
5.60356
3.82842
3.82842
5.60352
5.60352
3.82841
3.82841
5.60348
5.60348
3.82841
3.82841
5.60344
5.60344
3.82841
3.82841
5.6034
5.6034
3.8284
3.8284
5.60336
5.60336
3.8284
3.8284
5.60333
5.60333
3.8284
3.8284
5.60329
5.60329
3.82839
3.82839
5.60325
5.60325
3.82839
3.82839
5.60321
5.60321
3.82839
3.82839
5.60317
5.60317
3.82838
3.82838
5.60313
5.60313
3.82838
3.82838
5.60309
5.60309
3.82838
3.82838
5.60305
5.60305
3.82837
3.82837
5.60302
5.60302
3.82837
3.82837
5.60298
5.60298
3.82837
3.82837
5.60294
5.60294
3.82836
3.82836
5.6029
5.6029
3.82836
3.82836
5.60286
5.60286
3.82836
3.82836
5.60282
5.60282
3.82835
3.82835
5.60278
5.60278
3.82835
3.82835
5.60274
5.60274
3.82835
3.82835
5.6027
5.6027
3.82834
3.82834
5.60266
5.60266
3.82834
3.82834
5.60262
5.60262
3.82834
3.82834
5.60259
5.60259
3.82833
3.82833
5.60255
5.60255
3.82833
3.82833
5.60251
5.60251
3.82833
3.82833
5.60247
5.60247
3.82832
3.82832
5.60243
5.60243
3.82832
3.82832
5.60239
5.60239
3.82832
3.82832
5.60235
5.60235
3.82831
3.82831
5.60231
5.60231
3.82831
3.82831
5.60228
5.60228
3.82831
3.82831
5.60224
5.60224
3.8283
3.8283
5.6022
5.6022
3.8283
3.8283
5.60216
5.60216
3.8283
3.8283
5.60212
5.60212
3.82829
3.82829
5.60208
5.60208
3.82829
3.82829
5.60204
5.60204
3.82829
3.82829
5.602
5.602
3.82828
3.82828
5.60196
5.60196
3.82828
3.82828
5.60193
5.60193
3.82828
3.82828
5.60189
5.60189
3.82827
