6.95329e-310
6.95329e-310
5.12342
5.12342
5.11708
5.11708
5.1244
5.1244
5.12733
5.12733
5.12733
5.12733
5.11806
5.11806
5.12342
5.12342
5.11708
5.11708
5.1244
5.1244
5.12733
5.12733
5.12098
5.12098
5.11854
5.11854
5.12342
5.12342
5.12294
5.12294
5.11903
5.11903
5.13855
5.13855
5.1488
5.1488
5.14099
5.14099
5.11708
5.11708
5.11318
5.11318
5.12977
5.12977
5.12391
5.12391
5.12538
5.12538
5.14587
5.14587
5.1244
5.1244
5.08243
5.08243
5.15075
5.15075
5.13806
5.13806
5.12733
5.12733
5.15466
5.15466
5.12782
5.12782
5.10098
5.10098
5.17613
5.17613
5.11269
5.11269
5.10244
5.10244
5.1205
5.1205
5.1
5.1
5.14343
5.14343
5.1083
5.1083
5.17759
5.17759
5.07365
5.07365
5.17954
5.17954
5.10732
5.10732
5.13904
5.13904
5.12928
5.12928
5.15368
5.15368
5.07902
5.07902
5.17418
5.17418
5.11659
5.11659
5.1
5.1
5.1649
5.1649
5.10537
5.10537
5.1327
5.1327
5.13026
5.13026
5.10146
5.10146
5.13026
5.13026
5.11074
5.11074
5.10244
5.10244
5.10146
5.10146
5.13367
5.13367
5.16588
5.16588
5.06926
5.06926
5.13172
5.13172
5.12147
5.12147
5.11854
5.11854
5.15124
5.15124
5.08097
5.08097
5.16588
5.16588
5.0673
5.0673
5.15466
5.15466
5.14197
5.14197
5.1122
5.1122
5.13758
5.13758
5.09902
5.09902
5.12001
5.12001
5.11513
5.11513
5.15075
5.15075
5.13562
5.13562
5.09707
5.09707
5.17174
5.17174
5.10049
5.10049
5.12001
5.12001
5.17125
5.17125
5.10683
5.10683
5.14831
5.14831
5.10683
5.10683
5.1283
5.1283
5.09951
5.09951
5.15026
5.15026
5.09414
5.09414
5.16539
5.16539
5.09463
5.09463
5.14636
5.14636
5.11562
5.11562
5.11562
5.11562
5.12245
5.12245
5.10439
5.10439
5.14392
5.14392
5.09366
5.09366
5.14978
5.14978
5.10146
5.10146
5.15563
5.15563
5.11171
5.11171
5.14978
5.14978
5.11171
5.11171
5.12489
5.12489
5.13562
5.13562
5.13026
5.13026
5.11171
5.11171
5.1283
5.1283
5.1205
5.1205
5.12245
5.12245
5.12245
5.12245
5.12782
5.12782
5.13026
5.13026
5.13416
5.13416
5.11806
5.11806
5.11806
5.11806
5.15417
5.15417
5.12635
5.12635
5.11366
5.11366
5.11513
5.11513
5.12928
5.12928
5.11854
5.11854
5.12294
5.12294
5.13611
5.13611
5.11074
5.11074
5.12001
5.12001
5.11806
5.11806
5.11757
5.11757
5.12001
5.12001
5.12977
5.12977
5.1283
5.1283
5.12489
5.12489
5.12489
5.12489
5.12245
5.12245
5.1244
5.1244
5.12977
5.12977
5.12586
5.12586
5.12684
5.12684
5.13318
5.13318
5.12782
5.12782
5.11318
5.11318
5.13562
5.13562
5.13465
5.13465
5.12342
5.12342
5.10927
5.10927
5.12782
5.12782
5.12879
5.12879
5.13416
5.13416
5.12879
5.12879
5.12635
5.12635
5.11269
5.11269
5.12294
5.12294
5.12391
5.12391
5.11952
5.11952
5.12977
5.12977
5.13367
5.13367
5.12245
5.12245
5.13026
5.13026
5.12489
5.12489
5.11269
5.11269
5.12001
5.12001
5.12342
5.12342
5.12098
5.12098
5.12294
5.12294
5.1327
5.1327
5.12489
5.12489
5.12684
5.12684
5.12245
5.12245
5.11171
5.11171
5.12098
5.12098
5.12782
5.12782
5.12733
5.12733
5.12294
5.12294
5.13123
5.13123
5.1327
5.1327
5.1205
5.1205
5.11757
5.11757
5.12294
5.12294
5.12538
5.12538
5.11562
5.11562
5.1283
5.1283
5.1161
5.1161
5.14148
5.14148
5.11171
5.11171
5.13221
5.13221
5.10634
5.10634
5.1405
5.1405
5.12001
5.12001
5.1366
5.1366
5.13611
5.13611
5.13318
5.13318
5.1366
5.1366
5.11708
5.11708
5.16051
5.16051
5.08975
5.08975
5.12733
5.12733
5.11074
5.11074
5.14441
5.14441
5.12879
5.12879
5.10488
5.10488
5.15807
5.15807
5.14343
5.14343
5.06291
5.06291
5.15222
5.15222
5.13172
5.13172
5.12245
5.12245
5.09414
5.09414
5.16442
5.16442
5.1283
5.1283
5.13611
5.13611
5.0917
5.0917
5.11415
5.11415
5.15514
5.15514
5.11025
5.11025
5.1205
5.1205
5.1405
5.1405
5.17369
5.17369
5.19858
5.19858
7.9953
7.9953
7.55903
7.55903
3.3105
3.3105
6.49763
6.49763
5.0146
5.0146
4.91017
4.91017
4.79988
4.79988
3.5994
3.5994
5.63534
5.63534
5.04388
5.04388
4.84819
4.84819
6.35953
6.35953
4.69642
4.69642
5.22883
5.22883
5.42745
5.42745
4.27577
4.27577
4.60956
4.60956
4.83258
4.83258
4.76426
4.76426
5.07218
5.07218
5.6573
5.6573
4.67886
4.67886
4.93652
4.93652
4.71985
4.71985
4.75206
4.75206
4.70082
4.70082
4.83258
4.83258
5.42598
5.42598
5.03217
5.03217
5.62509
5.62509
4.85649
4.85649
5.16783
5.16783
4.83746
4.83746
4.98483
4.98483
4.69398
4.69398
5.05462
5.05462
4.9536
4.9536
5.27617
5.27617
5.33082
5.33082
5.3845
5.3845
4.99166
4.99166
4.91554
4.91554
4.75303
4.75303
4.89748
4.89748
5.02582
5.02582
5.14002
5.14002
5.37621
5.37621
5.35083
5.35083
5.06389
5.06389
5.01802
5.01802
4.75742
4.75742
4.77499
4.77499
5.12586
5.12586
5.19955
5.19955
4.96775
4.96775
5.15807
5.15807
5.14538
5.14538
5.26055
5.26055
5.13758
5.13758
4.85405
4.85405
4.95702
4.95702
5.08292
5.08292
5.0268
5.0268
5.22786
5.22786
5.20102
5.20102
5.22786
5.22786
5.12538
5.12538
5.1405
5.1405
4.86283
4.86283
5.11806
5.11806
4.92042
4.92042
5.24006
5.24006
4.97019
4.97019
5.30789
5.30789
5.19614
5.19614
5.3113
5.3113
5.06926
5.06926
4.90041
4.90041
5.09219
5.09219
5.02729
5.02729
5.0756
5.0756
5.10342
5.10342
5.17174
5.17174
5.20736
5.20736
5.33814
5.33814
5.03558
5.03558
5.01362
5.01362
5.0063
5.0063
5.05657
5.05657
5.05364
5.05364
4.97995
4.97995
5.21614
5.21614
5.12538
5.12538
5.25079
5.25079
5.0634
5.0634
5.161
5.161
5.06096
5.06096
5.16051
5.16051
4.92188
4.92188
5.13026
5.13026
5.0473
5.0473
5.16246
5.16246
5.12635
5.12635
5.2098
5.2098
5.07316
5.07316
5.08146
5.08146
5.07462
5.07462
5.16881
5.16881
5.15026
5.15026
5.07755
5.07755
5.10537
5.10537
5.14636
5.14636
5.13758
5.13758
5.16588
5.16588
5.12684
5.12684
4.97654
4.97654
5.13172
5.13172
5.01997
5.01997
5.29374
5.29374
5.25372
5.25372
5.07804
5.07804
5.24298
5.24298
5.02387
5.02387
5.10976
5.10976
5.18882
5.18882
5.03266
5.03266
5.10683
5.10683
5.21029
5.21029
5.13806
5.13806
5.08829
5.08829
5.07267
5.07267
5.19223
5.19223
5.11171
5.11171
5.01997
5.01997
5.23664
5.23664
5.14734
5.14734
5.11659
5.11659
5.18686
5.18686
5.06926
5.06926
5.26982
5.26982
5.161
5.161
5.05754
5.05754
5.1122
5.1122
5.06828
5.06828
5.29325
5.29325
5.00484
5.00484
5.29618
5.29618
5.05266
5.05266
5.20004
5.20004
4.97117
4.97117
5.11318
5.11318
5.06974
5.06974
5.2708
5.2708
5.0146
5.0146
5.18296
5.18296
5.08194
5.08194
5.20053
5.20053
5.09951
5.09951
5.14929
5.14929
5.22005
5.22005
4.93798
4.93798
5.18394
5.18394
5.11171
5.11171
5.1161
5.1161
5.22542
5.22542
5.06779
5.06779
5.06486
5.06486
5.0961
5.0961
5.11757
5.11757
5.11171
5.11171
5.21273
5.21273
5.18101
5.18101
5.01997
5.01997
5.10293
5.10293
5.1488
5.1488
5.14587
5.14587
5.11269
5.11269
5.17466
5.17466
5.12538
5.12538
5.11122
5.11122
5.0795
5.0795
5.1244
5.1244
5.09073
5.09073
5.09268
5.09268
5.16832
5.16832
5.17613
5.17613
5.17271
5.17271
5.1488
5.1488
5.08292
5.08292
5.0717
5.0717
5.09658
5.09658
5.15856
5.15856
5.1366
5.1366
5.12586
5.12586
5.14392
5.14392
5.13465
5.13465
5.10488
5.10488
5.15758
5.15758
5.10732
5.10732
5.12342
5.12342
4.97849
4.97849
5.1405
5.1405
5.11806
5.11806
5.16686
5.16686
5.15124
5.15124
5.17954
5.17954
5.17954
5.17954
5.19614
5.19614
5.1449
5.1449
5.15905
5.15905
5.08536
5.08536
5.08536
5.08536
5.07414
5.07414
5.19614
5.19614
5.1449
5.1449
5.15905
5.15905
5.08536
5.08536
5.09463
5.09463
5.09805
5.09805
5.11952
5.11952
5.11806
5.11806
5.12586
5.12586
5.17418
5.17418
5.16295
5.16295
5.1571
5.1571
5.11366
5.11366
5.12489
5.12489
5.10781
5.10781
5.12147
5.12147
5.14294
5.14294
5.05315
5.05315
5.23518
5.23518
5.09805
5.09805
5.16295
5.16295
5.08146
5.08146
5.11903
5.11903
5.12635
5.12635
5.08146
5.08146
5.16198
5.16198
5.08341
5.08341
5.19809
5.19809
5.10976
5.10976
5.12098
5.12098
5.04437
5.04437
5.11269
5.11269
5.13562
5.13562
5.1039
5.1039
5.15075
5.15075
5.13855
5.13855
5.1649
5.1649
5.10878
5.10878
5.1
5.1
5.07706
5.07706
5.13758
5.13758
5.08194
5.08194
5.13953
5.13953
5.16149
5.16149
5.13318
5.13318
5.15807
5.15807
5.11366
5.11366
5.07658
5.07658
5.11952
5.11952
5.07706
5.07706
5.1449
5.1449
5.1366
5.1366
5.1488
5.1488
5.19955
5.19955
5.13904
5.13904
5.09658
5.09658
5.07902
5.07902
5.14002
5.14002
5.06779
5.06779
5.17222
5.17222
5.13855
5.13855
5.21322
5.21322
5.12098
5.12098
5.13367
5.13367
5.06535
5.06535
5.1
5.1
5.08878
5.08878
5.19467
5.19467
5.11025
5.11025
5.1771
5.1771
5.1854
5.1854
5.12733
5.12733
5.09951
5.09951
5.09854
5.09854
5.06877
5.06877
5.14343
5.14343
5.0917
5.0917
5.16539
5.16539
5.10195
5.10195
5.23615
5.23615
5.09854
5.09854
5.12001
5.12001
5.0595
5.0595
5.12147
5.12147
5.08926
5.08926
5.13465
5.13465
5.09122
5.09122
5.20687
5.20687
5.12782
5.12782
5.12294
5.12294
5.06682
5.06682
5.09561
5.09561
5.10683
5.10683
5.1083
5.1083
5.07804
5.07804
5.19272
5.19272
5.14831
5.14831
5.14782
5.14782
5.08243
5.08243
5.08097
5.08097
5.0717
5.0717
5.10878
5.10878
5.12684
5.12684
5.1732
5.1732
5.10439
5.10439
5.16344
5.16344
5.09658
5.09658
5.08341
5.08341
5.0673
5.0673
5.11269
5.11269
5.05852
5.05852
5.14636
5.14636
5.14685
5.14685
5.15222
5.15222
5.14734
5.14734
5.11854
5.11854
5.06633
5.06633
5.07462
5.07462
5.03754
5.03754
5.15612
5.15612
5.1366
5.1366
5.17271
5.17271
5.17271
5.17271
5.11366
5.11366
5.08048
5.08048
5.08878
5.08878
5.0917
5.0917
5.15124
5.15124
5.0839
5.0839
5.16442
5.16442
5.16149
5.16149
5.17515
5.17515
5.10878
5.10878
5.07218
5.07218
5.06926
5.06926
5.14782
5.14782
5.0756
5.0756
5.16051
5.16051
5.14099
5.14099
5.21614
5.21614
5.01899
5.01899
5.10342
5.10342
5.05901
5.05901
5.08341
5.08341
5.14538
5.14538
5.07999
5.07999
5.16637
5.16637
5.1937
5.1937
5.1976
5.1976
5.11757
5.11757
5.08878
5.08878
5.07414
5.07414
5.09073
5.09073
5.12586
5.12586
5.11415
5.11415
5.12294
5.12294
5.20248
5.20248
5.13953
5.13953
5.10244
5.10244
5.06535
5.06535
5.07755
5.07755
5.1449
5.1449
5.10488
5.10488
5.17027
5.17027
5.10293
5.10293
5.23762
5.23762
5.09317
5.09317
5.10146
5.10146
5.03022
5.03022
5.16832
5.16832
5.06096
5.06096
5.16539
5.16539
5.12001
5.12001
5.21761
