6.95329e-310
6.95329e-310
2.48659
2.48659
3.96386
3.96386
2.48655
2.48655
3.96379
3.96379
3.96379
3.96379
3.96394
3.96394
2.48659
2.48659
3.96386
3.96386
2.48655
2.48655
3.96379
3.96379
2.48651
2.48651
3.96371
3.96371
2.48646
2.48646
3.96363
3.96363
2.48642
2.48642
3.96356
3.96356
3.96352
3.96352
2.48634
2.48634
3.96345
3.96345
2.48629
2.48629
3.96337
3.96337
2.48625
2.48625
3.9633
3.9633
2.48621
2.48621
3.96322
3.96322
3.96318
3.96318
2.48612
2.48612
3.96311
3.96311
2.48608
2.48608
3.96303
3.96303
2.48604
2.48604
3.96296
3.96296
2.486
2.486
3.96288
3.96288
2.48595
2.48595
3.96281
3.96281
3.96277
3.96277
2.48587
2.48587
3.96269
3.96269
2.48583
2.48583
3.96262
3.96262
2.48579
2.48579
3.96254
3.96254
3.9625
3.9625
2.4857
2.4857
3.96243
3.96243
2.48566
2.48566
3.96235
3.96235
2.48562
2.48562
3.96228
3.96228
2.48558
2.48558
3.9622
3.9622
2.48553
2.48553
3.96213
3.96213
2.48549
2.48549
3.96205
3.96205
3.96201
3.96201
3.96198
3.96198
2.48537
2.48537
3.9619
3.9619
2.48533
2.48533
3.96183
3.96183
2.48529
2.48529
3.96175
3.96175
2.48524
2.48524
3.96168
3.96168
2.4852
2.4852
3.9616
3.9616
2.48516
2.48516
3.96153
3.96153
2.48511
2.48511
3.96145
3.96145
2.48507
2.48507
3.96138
3.96138
3.96134
3.96134
2.48499
2.48499
3.96126
3.96126
2.48494
2.48494
3.96119
3.96119
2.4849
2.4849
3.96111
3.96111
2.48486
2.48486
3.96104
3.96104
3.961
3.961
2.48478
2.48478
3.96092
3.96092
2.48473
2.48473
3.96085
3.96085
2.48469
2.48469
3.96077
3.96077
2.48465
2.48465
3.9607
3.9607
2.4846
2.4846
3.96062
3.96062
3.96058
3.96058
3.96055
3.96055
2.48448
2.48448
3.96047
3.96047
2.48444
2.48444
3.9604
3.9604
2.4844
2.4844
3.96032
3.96032
2.48436
2.48436
3.96025
3.96025
2.48431
2.48431
3.96017
3.96017
2.48427
2.48427
3.9601
3.9601
2.48423
2.48423
3.96002
3.96002
2.48418
2.48418
3.95994
3.95994
2.48414
2.48414
3.95987
3.95987
3.95983
3.95983
3.95979
3.95979
2.48402
2.48402
3.95972
3.95972
2.48398
2.48398
3.95964
3.95964
2.48394
2.48394
3.95957
3.95957
2.48389
2.48389
3.95949
3.95949
2.48385
2.48385
3.95942
3.95942
2.48381
2.48381
3.95934
3.95934
2.48376
2.48376
3.95927
3.95927
2.48372
2.48372
3.95919
3.95919
3.95915
3.95915
3.95912
3.95912
2.4836
2.4836
3.95904
3.95904
2.48356
2.48356
3.95897
3.95897
2.48352
2.48352
3.95889
3.95889
2.48347
2.48347
3.95882
3.95882
2.48343
2.48343
3.95874
3.95874
2.48339
2.48339
3.95867
3.95867
2.48335
2.48335
3.95859
3.95859
2.4833
2.4833
3.95852
3.95852
3.95848
3.95848
2.48322
2.48322
3.9584
3.9584
2.48318
2.48318
3.95833
3.95833
2.48313
2.48313
3.95825
3.95825
3.95821
3.95821
2.48305
2.48305
3.95814
3.95814
2.48301
2.48301
3.95806
3.95806
2.48297
2.48297
3.95799
3.95799
2.48292
2.48292
3.95791
3.95791
2.48288
2.48288
3.95784
3.95784
2.48284
2.48284
3.95776
3.95776
3.95773
3.95773
3.95769
3.95769
2.48272
2.48272
3.95761
3.95761
2.48268
2.48268
3.95754
3.95754
2.48263
2.48263
3.95746
3.95746
2.48259
2.48259
3.95739
3.95739
2.48255
2.48255
3.95731
3.95731
2.48251
2.48251
3.95724
3.95724
2.48246
2.48246
3.95716
3.95716
2.48242
2.48242
3.95709
3.95709
3.95705
3.95705
2.48234
2.48234
3.95697
3.95697
2.48229
2.48229
3.9569
3.9569
2.48225
2.48225
3.95683
3.95683
2.48221
2.48221
3.95675
3.95675
3.95671
3.95671
2.48212
2.48212
3.95664
3.95664
2.48208
2.48208
3.95656
3.95656
2.48204
2.48204
3.95649
3.95649
2.482
2.482
3.95641
3.95641
2.48195
2.48195
3.95634
3.95634
3.9563
3.9563
2.48187
2.48187
3.95622
3.95622
2.48183
2.48183
3.95615
3.95615
2.48179
2.48179
3.95607
3.95607
2.48174
2.48174
3.956
3.956
3.95596
3.95596
2.48166
2.48166
3.95589
3.95589
2.48162
2.48162
3.95581
3.95581
3.95579
3.95579
2.48157
2.48157
3.9557
3.9557
3.95566
3.95566
3.95562
3.95562
3.9556
3.9556
3.95554
3.95554
3.95551
3.95551
3.95547
3.95547
2.48132
2.48132
3.9554
3.9554
2.48129
2.48129
3.95532
3.95532
2.48125
2.48125
3.95525
3.95525
2.48121
2.48121
3.95518
3.95518
2.48117
2.48117
3.95509
3.95509
2.48112
2.48112
3.95502
3.95502
2.48108
2.48108
3.95495
3.95495
2.48103
2.48103
3.95487
3.95487
2.48099
2.48099
3.9548
3.9548
2.48095
2.48095
3.95473
3.95473
2.48091
2.48091
3.95465
3.95465
3.95461
3.95461
3.95458
3.95458
2.48079
2.48079
3.9545
3.9545
2.48075
2.48075
3.95442
3.95442
2.48071
2.48071
3.95435
3.95435
2.48067
2.48067
3.95428
3.95428
2.48063
2.48063
3.9542
3.9542
3.95416
3.95416
2.48054
2.48054
3.95408
3.95408
2.4805
2.4805
3.95401
3.95401
2.48046
2.48046
3.95394
3.95394
2.48042
2.48042
3.95386
3.95386
3.95382
3.95382
2.48033
2.48033
3.95375
3.95375
2.48029
2.48029
3.95367
3.95367
2.48025
2.48025
3.9536
3.9536
2.48021
2.48021
3.95352
3.95352
3.95349
3.95349
2.48012
2.48012
3.95341
3.95341
2.48008
2.48008
3.95334
3.95334
2.48004
2.48004
3.95326
3.95326
2.47999
2.47999
3.95319
3.95319
2.47995
2.47995
3.95311
3.95311
2.4799
2.4799
3.95304
3.95304
2.47986
2.47986
3.95296
3.95296
3.95292
3.95292
2.47978
2.47978
3.95285
3.95285
2.47973
2.47973
3.95277
3.95277
2.47969
2.47969
3.9527
3.9527
2.47965
2.47965
3.95262
3.95262
2.47961
2.47961
3.95255
3.95255
2.47956
2.47956
3.95248
3.95248
3.95244
3.95244
2.47948
2.47948
3.95236
3.95236
2.47943
2.47943
3.95229
3.95229
2.47939
2.47939
3.95221
3.95221
2.47935
2.47935
3.95214
3.95214
2.4793
2.4793
3.95206
3.95206
2.47926
2.47926
3.95199
3.95199
3.95195
3.95195
2.47918
2.47918
3.95188
3.95188
2.47913
2.47913
3.9518
3.9518
2.47909
2.47909
3.95173
3.95173
2.47905
2.47905
3.95165
3.95165
2.47901
2.47901
3.95158
3.95158
3.95154
3.95154
2.47893
2.47893
3.95146
3.95146
2.47888
2.47888
3.95139
3.95139
2.47884
2.47884
3.95131
3.95131
3.95128
3.95128
2.47876
2.47876
3.9512
3.9512
2.47872
2.47872
3.95113
3.95113
2.47867
2.47867
3.95105
3.95105
2.47863
2.47863
3.95098
3.95098
2.47859
2.47859
3.9509
3.9509
3.95086
3.95086
2.47851
2.47851
3.95079
3.95079
2.47847
2.47847
3.95071
3.95071
2.47842
2.47842
3.95064
3.95064
2.47838
2.47838
3.95056
3.95056
3.95053
3.95053
2.4783
2.4783
3.95045
3.95045
2.47825
2.47825
3.95038
3.95038
2.47821
2.47821
3.9503
3.9503
2.47817
2.47817
3.95023
3.95023
2.47812
2.47812
3.95015
3.95015
2.47808
2.47808
3.95008
3.95008
2.47803
2.47803
3.95
3.95
2.47799
2.47799
3.94993
3.94993
3.94989
3.94989
2.47791
2.47791
3.94981
3.94981
2.47786
2.47786
3.94974
3.94974
2.47782
2.47782
3.94967
3.94967
2.47778
2.47778
3.94959
3.94959
2.47773
2.47773
3.94952
3.94952
2.47769
2.47769
3.94944
3.94944
3.9494
3.9494
2.47761
2.47761
3.94933
3.94933
2.47757
2.47757
3.94925
3.94925
2.47752
2.47752
3.94918
3.94918
3.94914
3.94914
2.47744
2.47744
3.94907
3.94907
2.4774
2.4774
3.94899
3.94899
2.47736
2.47736
3.94892
3.94892
2.47731
2.47731
3.94884
3.94884
2.47727
2.47727
3.94877
3.94877
2.47723
2.47723
3.94869
3.94869
3.94866
3.94866
2.47715
2.47715
3.94858
3.94858
2.4771
2.4771
3.94851
3.94851
2.47706
2.47706
3.94843
3.94843
2.47702
2.47702
3.94836
3.94836
3.94832
3.94832
2.47694
2.47694
3.94824
3.94824
2.47689
2.47689
3.94817
3.94817
3.94817
3.94817
2.47054
2.47054
3.93788
3.93788
2.4705
2.4705
3.9378
3.9378
3.9378
3.9378
3.93795
3.93795
2.47054
2.47054
3.93788
3.93788
2.4705
2.4705
3.9378
3.9378
2.47045
2.47045
3.93773
3.93773
2.47041
2.47041
3.93765
3.93765
3.93762
3.93762
3.93758
3.93758
2.47029
2.47029
3.9375
3.9375
2.47025
2.47025
3.93743
3.93743
2.47021
2.47021
3.93736
3.93736
2.47017
2.47017
3.93728
3.93728
2.47012
2.47012
3.93721
3.93721
2.47008
2.47008
3.93713
3.93713
2.47004
2.47004
3.93706
3.93706
3.93702
3.93702
2.46996
2.46996
3.93695
3.93695
2.46992
2.46992
3.93687
3.93687
2.46987
2.46987
3.9368
3.9368
3.93676
3.93676
2.46979
2.46979
3.93669
3.93669
2.46975
2.46975
3.93661
3.93661
2.46971
2.46971
3.93654
3.93654
2.46967
2.46967
3.93646
3.93646
2.46963
2.46963
3.93639
3.93639
3.93635
3.93635
2.46954
2.46954
3.93628
3.93628
2.4695
2.4695
3.9362
3.9362
2.46946
2.46946
3.93613
3.93613
2.46942
2.46942
3.93605
3.93605
3.93602
3.93602
2.46933
2.46933
3.93594
3.93594
2.46929
2.46929
3.93587
3.93587
2.46925
2.46925
3.93579
3.93579
2.46921
2.46921
3.93572
3.93572
2.46916
2.46916
3.93564
3.93564
3.93561
3.93561
2.46908
2.46908
3.93553
3.93553
2.46904
2.46904
3.93546
3.93546
2.469
2.469
3.93539
3.93539
2.46896
2.46896
3.93531
3.93531
2.46891
2.46891
3.93524
3.93524
3.9352
3.9352
3.93516
3.93516
2.4688
2.4688
3.93509
3.93509
2.46876
2.46876
3.93501
3.93501
2.46871
2.46871
3.93494
3.93494
2.46867
2.46867
3.93487
3.93487
2.46863
2.46863
3.93479
3.93479
2.46859
2.46859
3.93472
3.93472
2.46855
2.46855
3.93464
3.93464
3.9346
3.9346
2.46847
2.46847
3.93453
3.93453
2.46842
2.46842
3.93446
3.93446
2.46838
2.46838
3.93438
3.93438
2.46834
2.46834
3.93431
3.93431
3.93427
3.93427
2.46826
2.46826
3.9342
3.9342
2.46821
2.46821
3.93412
3.93412
2.46817
2.46817
3.93405
3.93405
2.46813
2.46813
3.93397
3.93397
2.46809
2.46809
3.9339
3.9339
3.93386
3.93386
2.46801
2.46801
3.93379
3.93379
2.46796
2.46796
3.93371
3.93371
2.46792
2.46792
3.93364
3.93364
2.46788
2.46788
3.93357
3.93357
3.93353
3.93353
2.4678
2.4678
3.93345
3.93345
2.46776
2.46776
3.93338
3.93338
2.46771
2.46771
3.93331
3.93331
2.46767
2.46767
3.93323
3.93323
2.46763
2.46763
3.93316
3.93316
3.93312
3.93312
2.46755
2.46755
3.93305
3.93305
2.4675
2.4675
3.93297
3.93297
2.46746
2.46746
3.9329
3.9329
2.46742
2.46742
3.93282
3.93282
2.46738
2.46738
3.93275
3.93275
3.93271
3.93271
2.4673
2.4673
3.93264
3.93264
2.46725
2.46725
3.93256
3.93256
2.46721
2.46721
3.93249
3.93249
2.46717
2.46717
3.93242
3.93242
3.93238
3.93238
2.46709
2.46709
3.9323
3.9323
2.46705
2.46705
3.93223
3.93223
2.467
2.467
3.93216
3.93216
2.46696
2.46696
3.93208
3.93208
2.46692
2.46692
3.93201
3.93201
3.93197
3.93197
2.46684
2.46684
3.9319
3.9319
2.4668
2.4668
3.93182
3.93182
2.46675
2.46675
3.93175
3.93175
2.46671
2.46671
3.93167
3.93167
3.93164
3.93164
2.46663
2.46663
3.93156
3.93156
2.46659
2.46659
3.93149
