6.95323e-310
6.95323e-310
6.95323e-310
6.95323e-310
5.1976
5.1976
5.19321
5.19321
5.18198
5.18198
5.18686
5.18686
5.1976
5.1976
5.1976
5.1976
5.1976
5.1976
5.19321
5.19321
5.18198
5.18198
5.18686
5.18686
5.1976
5.1976
5.1976
5.1976
5.1976
5.1976
5.19321
5.19321
5.18198
5.18198
5.18686
5.18686
5.1976
5.1976
5.19028
5.19028
5.19516
5.19516
5.19858
5.19858
5.20004
5.20004
5.18345
5.18345
5.19126
5.19126
5.17808
5.17808
5.21712
5.21712
5.18052
5.18052
5.20004
5.20004
5.22786
5.22786
5.17076
5.17076
5.20736
5.20736
5.16198
5.16198
5.27958
5.27958
5.15222
5.15222
5.20199
5.20199
5.25128
5.25128
5.15417
5.15417
5.24103
5.24103
5.18345
5.18345
5.18979
5.18979
5.20394
5.20394
5.1854
5.1854
5.22688
5.22688
5.17369
5.17369
5.17174
5.17174
5.18882
5.18882
5.19467
5.19467
5.21273
5.21273
5.20248
5.20248
5.23713
5.23713
5.16149
5.16149
5.24054
5.24054
5.2137
5.2137
5.15563
5.15563
5.26104
5.26104
5.16198
5.16198
5.19662
5.19662
5.15563
5.15563
5.16149
5.16149
5.21663
5.21663
5.15026
5.15026
5.33375
5.33375
5.09951
5.09951
5.19028
5.19028
5.14831
5.14831
5.23371
5.23371
5.14294
5.14294
5.19272
5.19272
5.29959
5.29959
5.14246
5.14246
5.21175
5.21175
5.18345
5.18345
5.18686
5.18686
5.1771
5.1771
5.25665
5.25665
5.17857
5.17857
5.17613
5.17613
5.17759
5.17759
5.1771
5.1771
5.21712
5.21712
5.18979
5.18979
5.19858
5.19858
5.18003
5.18003
5.14782
5.14782
5.22102
5.22102
5.21956
5.21956
5.1937
5.1937
5.1527
5.1527
5.24396
5.24396
5.16295
5.16295
5.20394
5.20394
5.19809
5.19809
5.16393
5.16393
5.20346
5.20346
5.1893
5.1893
5.23566
5.23566
5.1815
5.1815
5.23225
5.23225
5.13758
5.13758
5.27324
5.27324
5.15612
5.15612
5.1815
5.1815
5.2059
5.2059
5.22298
5.22298
5.17125
5.17125
5.19467
5.19467
5.17515
5.17515
5.19467
5.19467
5.19321
5.19321
5.2015
5.2015
5.15807
5.15807
5.21419
5.21419
5.20638
5.20638
5.1771
5.1771
5.18101
5.18101
5.23859
5.23859
5.18784
5.18784
5.19467
5.19467
5.18052
5.18052
5.17954
5.17954
5.21078
5.21078
5.23078
5.23078
5.15612
5.15612
5.18198
5.18198
5.20297
5.20297
5.17564
5.17564
5.20297
5.20297
5.21858
5.21858
5.19662
5.19662
5.17125
5.17125
5.18638
5.18638
5.19955
5.19955
5.19614
5.19614
5.20102
5.20102
5.2015
5.2015
5.19028
5.19028
5.18296
5.18296
5.20102
5.20102
5.17027
5.17027
5.20394
5.20394
5.18686
5.18686
5.20687
5.20687
5.18638
5.18638
5.18442
5.18442
5.18296
5.18296
5.19077
5.19077
5.19516
5.19516
5.1893
5.1893
5.19467
5.19467
5.19809
5.19809
5.20004
5.20004
5.19126
5.19126
5.18686
5.18686
5.20248
5.20248
5.18686
5.18686
5.19272
5.19272
5.1893
5.1893
5.19858
5.19858
5.19614
5.19614
5.18638
5.18638
5.19272
5.19272
5.19223
5.19223
5.18686
5.18686
5.18784
5.18784
5.2015
5.2015
5.18247
5.18247
5.17857
5.17857
5.21566
5.21566
5.18833
5.18833
5.21029
5.21029
5.22395
5.22395
5.15661
5.15661
5.17857
5.17857
5.21468
5.21468
5.1815
5.1815
5.21712
5.21712
5.15514
5.15514
5.2259
5.2259
5.17369
5.17369
5.18589
5.18589
5.18198
5.18198
5.23908
5.23908
5.14734
5.14734
5.22688
5.22688
5.18589
5.18589
5.20443
5.20443
5.18442
5.18442
5.22395
5.22395
5.19711
5.19711
5.17466
5.17466
5.18491
5.18491
5.1937
5.1937
5.18491
5.18491
5.22249
5.22249
5.19565
5.19565
5.1976
5.1976
5.18589
5.18589
5.17466
5.17466
5.18394
5.18394
5.20492
5.20492
5.19321
5.19321
5.18882
5.18882
5.20004
5.20004
5.20053
5.20053
5.17076
5.17076
5.19126
5.19126
5.2059
5.2059
5.20687
5.20687
5.18442
5.18442
5.20102
5.20102
5.2015
5.2015
5.18003
5.18003
5.17222
5.17222
5.18638
5.18638
5.20199
5.20199
5.19126
5.19126
5.17564
5.17564
5.18979
5.18979
5.19906
5.19906
5.18345
5.18345
5.20785
5.20785
5.20199
5.20199
5.2059
5.2059
5.18345
5.18345
5.17954
5.17954
5.19418
5.19418
5.1937
5.1937
5.27666
5.27666
7.91576
7.91576
8.1539
8.1539
3.29538
3.29538
7.8655
7.8655
3.12311
3.12311
5.41037
5.41037
4.98874
4.98874
3.06894
3.06894
6.2712
6.2712
4.23429
4.23429
5.24152
5.24152
6.17946
6.17946
4.81989
4.81989
4.82379
4.82379
5.56018
5.56018
4.40362
4.40362
4.73351
4.73351
5.2425
5.2425
5.13318
5.13318
5.28642
5.28642
5.7222
5.7222
5.43965
5.43965
5.07414
5.07414
5.2425
5.2425
4.6037
4.6037
5.07706
5.07706
4.39874
4.39874
5.46649
5.46649
4.86527
4.86527
5.54457
5.54457
5.39866
5.39866
4.73156
4.73156
5.06682
5.06682
5.27226
5.27226
4.4373
4.4373
5.04534
5.04534
5.41476
5.41476
5.00435
5.00435
5.48503
5.48503
5.40305
5.40305
4.53099
4.53099
5.1122
5.1122
5.04778
5.04778
4.86625
4.86625
5.29862
5.29862
5.26397
5.26397
5.33961
5.33961
5.08634
5.08634
5.19858
5.19858
4.6325
4.6325
5.36694
5.36694
4.99313
4.99313
5.24542
5.24542
4.87942
4.87942
5.30691
5.30691
5.33131
5.33131
5.03998
5.03998
5.04046
5.04046
5.11464
5.11464
5.039
5.039
5.16978
5.16978
4.83355
4.83355
5.19126
5.19126
5.09951
5.09951
5.2586
5.2586
5.24786
5.24786
4.85551
4.85551
5.37426
5.37426
4.75694
4.75694
5.10634
5.10634
5.07316
5.07316
5.15563
5.15563
5.25714
5.25714
4.9658
4.9658
4.94189
4.94189
5.32253
5.32253
5.24103
5.24103
5.29764
5.29764
4.97068
4.97068
5.11269
5.11269
4.95653
4.95653
5.18491
5.18491
4.94189
4.94189
5.65046
5.65046
5.16295
5.16295
5.17076
5.17076
4.76621
4.76621
5.0307
5.0307
5.20053
5.20053
5.32399
5.32399
5.37426
5.37426
5.06096
5.06096
5.16881
5.16881
5.01021
5.01021
5.26836
5.26836
5.28837
5.28837
5.14246
5.14246
5.09317
5.09317
5.14831
5.14831
4.9453
4.9453
5.2259
5.2259
5.48552
5.48552
5.14099
5.14099
5.12684
5.12684
5.06291
5.06291
5.10146
5.10146
4.97507
4.97507
5.44404
5.44404
5.28642
5.28642
5.20346
5.20346
5.32302
5.32302
4.94238
4.94238
5.04095
5.04095
5.32009
5.32009
5.22786
5.22786
5.39134
5.39134
5.06779
5.06779
5.18198
5.18198
5.03363
5.03363
5.16198
5.16198
5.29178
5.29178
5.25323
5.25323
5.2342
5.2342
4.88138
4.88138
5.30886
5.30886
5.33424
5.33424
4.87796
4.87796
5.28788
5.28788
5.5231
5.5231
5.02534
5.02534
5.34058
5.34058
5.09414
5.09414
5.20248
5.20248
5.00777
5.00777
5.11122
5.11122
5.29471
5.29471
5.24152
5.24152
5.0795
5.0795
5.4621
5.4621
5.31765
5.31765
5.13026
5.13026
5.08048
5.08048
5.13367
5.13367
5.01655
5.01655
5.42598
5.42598
5.03998
5.03998
5.26885
5.26885
5.06535
5.06535
5.40012
5.40012
5.26885
5.26885
5.24884
5.24884
5.21078
5.21078
5.02924
5.02924
5.38255
5.38255
5.20638
5.20638
5.22688
5.22688
5.16149
5.16149
5.19028
5.19028
5.28398
5.28398
5.2381
5.2381
5.06682
5.06682
5.21761
5.21761
5.16881
5.16881
5.26006
5.26006
5.27861
5.27861
5.15661
5.15661
5.25762
5.25762
5.13758
5.13758
5.27666
5.27666
5.16978
5.16978
5.0917
5.0917
5.42745
5.42745
5.05754
5.05754
5.24689
5.24689
5.19516
5.19516
5.09414
5.09414
5.21029
5.21029
5.33766
5.33766
5.18784
5.18784
5.16978
5.16978
5.19711
5.19711
5.2991
5.2991
5.2181
5.2181
5.16198
5.16198
5.1405
5.1405
5.18247
5.18247
5.18247
5.18247
5.18638
5.18638
5.18589
5.18589
5.21468
5.21468
5.1937
5.1937
5.1854
5.1854
5.1854
5.1854
5.18638
5.18638
5.18589
5.18589
5.21468
5.21468
5.1937
5.1937
5.1854
5.1854
5.20346
5.20346
5.18784
5.18784
5.19272
5.19272
5.17613
5.17613
5.20687
5.20687
5.16149
5.16149
5.20297
5.20297
5.21858
5.21858
5.18296
5.18296
5.18003
5.18003
5.19565
5.19565
5.19809
5.19809
5.19174
5.19174
5.18833
5.18833
5.18735
5.18735
5.17564
5.17564
5.17954
5.17954
5.19858
5.19858
5.19467
5.19467
5.1976
5.1976
5.21078
5.21078
5.18784
5.18784
5.18247
5.18247
5.19174
5.19174
5.1976
5.1976
5.18686
5.18686
5.18101
5.18101
5.19711
5.19711
5.19516
5.19516
5.19126
5.19126
5.18882
5.18882
5.19858
5.19858
5.20687
5.20687
5.17515
5.17515
5.2015
5.2015
5.20199
5.20199
5.17613
5.17613
5.20931
5.20931
5.19077
5.19077
5.16246
5.16246
5.21322
5.21322
5.1854
5.1854
5.18882
5.18882
5.21712
5.21712
5.17954
5.17954
5.18882
5.18882
5.17418
5.17418
5.18833
5.18833
5.20492
5.20492
5.20931
5.20931
5.14197
5.14197
5.23566
5.23566
5.1815
5.1815
5.18735
5.18735
5.17906
5.17906
5.17466
5.17466
5.24006
5.24006
5.13904
5.13904
5.19955
5.19955
5.19614
5.19614
5.2181
5.2181
5.14978
5.14978
5.20199
5.20199
5.18296
5.18296
5.21712
5.21712
5.1771
5.1771
5.19955
5.19955
5.16246
5.16246
5.18833
5.18833
5.20443
5.20443
5.21322
5.21322
5.18003
5.18003
5.20346
5.20346
5.16295
5.16295
5.18491
5.18491
5.18491
5.18491
5.2303
5.2303
5.22102
5.22102
5.1732
5.1732
5.15856
5.15856
5.20492
5.20492
5.18638
5.18638
5.17613
5.17613
5.19565
5.19565
5.19028
5.19028
5.20102
5.20102
5.13904
5.13904
5.2137
5.2137
5.17808
5.17808
5.19077
5.19077
5.1488
5.1488
5.19711
5.19711
5.19662
5.19662
5.22249
5.22249
5.19418
5.19418
5.16246
5.16246
5.20004
5.20004
5.20248
5.20248
5.19418
5.19418
5.19565
5.19565
5.17027
5.17027
5.19126
5.19126
5.1937
5.1937
5.19906
5.19906
5.20053
5.20053
5.19321
5.19321
5.1893
5.1893
5.1771
5.1771
5.18784
5.18784
5.19662
5.19662
5.20394
5.20394
5.1815
5.1815
5.18735
5.18735
5.19272
5.19272
5.19955
5.19955
5.19028
5.19028
5.18345
5.18345
5.18735
5.18735
5.18979
5.18979
5.22151
5.22151
5.20687
5.20687
5.20248
5.20248
5.161
5.161
5.18589
5.18589
5.17662
5.17662
5.18686
5.18686
5.19906
5.19906
5.19614
5.19614
5.18442
5.18442
5.19809
5.19809
5.19174
5.19174
5.19418
5.19418
5.18638
5.18638
5.1815
5.1815
5.24884
5.24884
5.0634
5.0634
5.27275
5.27275
5.16686
5.16686
5.3523
5.3523
4.93164
4.93164
5.29959
5.29959
5.19662
5.19662
5.14782
5.14782
5.32253
5.32253
5.15319
5.15319
5.2059
5.2059
5.1732
5.1732
5.20785
5.20785
5.1571
5.1571
5.20882
5.20882
5.1815
5.1815
5.23762
5.23762
5.11025
5.11025
5.21761
5.21761
5.20394
5.20394
5.1976
5.1976
5.1937
5.1937
5.18589
5.18589
5.1893
5.1893
5.10683
5.10683
5.22102
5.22102
5.14148
5.14148
5.17076
5.17076
5.2503
5.2503
5.10439
5.10439
5.36108
5.36108
5.1244
5.1244
5.23127
5.23127
5.03314
5.03314
5.43721
5.43721
5.07658
5.07658
5.1488
5.1488
5.15466
5.15466
5.26494
5.26494
5.2015
5.2015
5.19321
5.19321
5.08097
5.08097
5.38353
5.38353
5.11122
5.11122
5.1976
5.1976
5.12586
5.12586
5.24738
5.24738
5.17076
5.17076
5.23908
5.23908
5.13953
5.13953
5.20102
5.20102
5.17857
5.17857
5.21858
5.21858
5.1527
5.1527
5.20053
5.20053
5.19077
5.19077
5.22151
5.22151
5.1649
5.1649
5.20004
5.20004
5.19028
5.19028
5.1732
5.1732
5.20931
5.20931
5.21419
5.21419
5.21322
5.21322
5.19955
5.19955
5.18198
5.18198
5.17954
5.17954
5.18735
5.18735
5.19077
5.19077
5.18247
5.18247
5.18686
5.18686
5.20736
5.20736
5.19028
5.19028
5.20638
5.20638
5.17125
5.17125
5.18394
5.18394
5.17662
5.17662
5.19418
5.19418
5.18638
5.18638
5.18979
5.18979
5.20004
5.20004
5.20199
5.20199
5.19565
5.19565
5.18735
5.18735
5.18394
5.18394
5.18686
5.18686
5.18589
5.18589
5.1976
5.1976
5.19614
5.19614
5.20297
5.20297
5.14685
5.14685
5.30886
5.30886
5.10634
5.10634
5.18101
5.18101
5.11074
5.11074
5.2991
5.2991
5.20785
5.20785
5.18198
5.18198
5.04144
5.04144
5.31911
5.31911
5.21517
5.21517
5.19223
5.19223
5.08438
5.08438
5.29325
5.29325
5.27178
5.27178
5.13514
5.13514
5.30642
5.30642
5.22639
5.22639
5.21029
5.21029
5.15563
5.15563
5.20004
5.20004
5.1771
5.1771
5.21566
5.21566
5.17466
5.17466
5.18296
5.18296
5.20346
5.20346
5.2015
5.2015
5.1976
5.1976
5.23127
5.23127
5.00582
5.00582
5.344
5.344
5.19223
5.19223
5.25762
5.25762
5.0512
5.0512
5.34205
5.34205
5.14831
5.14831
5.23908
5.23908
5.13221
5.13221
5.18979
5.18979
5.1771
5.1771
5.22249
5.22249
5.17759
5.17759
5.2015
5.2015
5.1976
5.1976
5.21029
5.21029
5.16246
5.16246
5.19272
5.19272
5.1893
5.1893
5.20346
5.20346
5.17027
5.17027
5.20638
5.20638
5.20248
5.20248
5.21029
5.21029
5.17808
5.17808
5.18247
5.18247
5.17418
5.17418
5.21419
5.21419
5.0839
5.0839
5.2669
5.2669
5.21126
5.21126
5.10342
5.10342
5.45917
5.45917
4.98581
4.98581
5.20638
5.20638
5.15124
5.15124
5.29764
5.29764
5.09707
5.09707
5.26885
5.26885
5.16881
5.16881
5.21419
5.21419
5.1488
5.1488
5.22981
5.22981
5.16198
5.16198
5.16881
5.16881
5.27178
5.27178
5.11415
5.11415
5.20248
5.20248
5.18247
5.18247
5.30252
5.30252
5.03022
5.03022
5.19467
5.19467
5.29178
5.29178
5.07999
5.07999
5.23518
5.23518
5.14636
5.14636
5.23957
5.23957
5.16002
5.16002
5.24786
5.24786
5.11366
5.11366
5.23274
5.23274
5.16246
5.16246
5.1937
5.1937
5.1815
5.1815
5.22542
5.22542
5.23127
5.23127
5.16002
5.16002
5.16539
5.16539
5.26446
5.26446
5.02582
