6.95323e-310
6.95323e-310
6.95323e-310
6.95323e-310
2.08137
2.08137
3.32739
3.32739
2.08133
2.08133
3.32732
3.32732
2.0813
2.0813
2.0813
2.0813
2.08137
2.08137
3.32739
3.32739
2.08133
2.08133
3.32732
3.32732
2.0813
2.0813
2.0813
2.0813
2.08137
2.08137
3.32739
3.32739
2.08133
2.08133
3.32732
3.32732
2.0813
2.0813
3.32725
3.32725
3.32722
3.32722
2.08122
2.08122
3.32715
3.32715
2.08118
2.08118
3.32708
3.32708
2.08114
2.08114
3.32702
3.32702
2.08111
2.08111
3.32695
3.32695
2.08107
2.08107
3.32688
3.32688
3.32685
3.32685
2.08099
2.08099
3.32678
3.32678
2.08096
2.08096
3.32671
3.32671
2.08092
2.08092
3.32665
3.32665
2.08088
2.08088
3.32658
3.32658
2.08084
2.08084
3.32651
3.32651
2.0808
2.0808
3.32645
3.32645
3.32641
3.32641
2.08073
2.08073
3.32634
3.32634
2.08069
2.08069
3.32628
3.32628
2.08065
2.08065
3.32621
3.32621
2.08061
2.08061
3.32614
3.32614
2.08057
2.08057
3.32608
3.32608
2.08053
2.08053
3.32601
3.32601
3.32598
3.32598
2.08046
2.08046
3.32591
3.32591
2.08042
2.08042
3.32584
3.32584
2.08039
2.08039
3.32577
3.32577
2.08035
2.08035
3.32571
3.32571
2.08031
2.08031
3.32564
3.32564
3.32561
3.32561
2.08024
2.08024
3.32554
3.32554
2.0802
2.0802
3.32547
3.32547
2.08016
2.08016
3.32541
3.32541
2.08012
2.08012
3.32534
3.32534
2.08008
2.08008
3.32527
3.32527
3.32524
3.32524
2.08001
2.08001
3.32517
3.32517
2.07997
2.07997
3.3251
3.3251
2.07993
2.07993
3.32504
3.32504
2.0799
2.0799
3.32497
3.32497
2.07986
2.07986
3.3249
3.3249
2.07982
2.07982
3.32483
3.32483
3.3248
3.3248
2.07974
2.07974
3.32473
3.32473
2.07971
2.07971
3.32467
3.32467
2.07967
2.07967
3.3246
3.3246
2.07963
2.07963
3.32453
3.32453
2.07959
2.07959
3.32447
3.32447
2.07955
2.07955
3.3244
3.3244
3.32437
3.32437
2.07948
2.07948
3.3243
3.3243
2.07944
2.07944
3.32423
3.32423
2.0794
2.0794
3.32416
3.32416
2.07936
2.07936
3.3241
3.3241
2.07932
2.07932
3.32403
3.32403
2.07928
2.07928
3.32396
3.32396
3.32393
3.32393
2.07921
2.07921
3.32386
3.32386
2.07917
2.07917
3.3238
3.3238
2.07914
2.07914
3.32373
3.32373
2.0791
2.0791
3.32366
3.32366
2.07906
2.07906
3.32359
3.32359
3.32356
3.32356
2.07898
2.07898
3.32349
3.32349
2.07895
2.07895
3.32343
3.32343
2.07891
2.07891
3.32336
3.32336
2.07887
2.07887
3.32329
3.32329
2.07883
2.07883
3.32323
3.32323
2.07879
2.07879
3.32316
3.32316
3.32313
3.32313
2.07872
2.07872
3.32306
3.32306
2.07868
2.07868
3.32299
3.32299
2.07864
2.07864
3.32292
3.32292
2.0786
2.0786
3.32286
3.32286
2.07857
2.07857
3.32279
3.32279
3.32276
3.32276
2.07849
2.07849
3.32269
3.32269
2.07846
2.07846
3.32262
3.32262
2.07842
2.07842
3.32256
3.32256
2.07838
2.07838
3.32249
3.32249
2.07834
2.07834
3.32242
3.32242
2.0783
2.0783
3.32236
3.32236
3.32232
3.32232
2.07823
2.07823
3.32226
3.32226
2.07819
2.07819
3.32219
3.32219
2.07815
2.07815
3.32212
3.32212
2.07811
2.07811
3.32205
3.32205
2.07808
2.07808
3.32199
3.32199
3.32195
3.32195
2.078
2.078
3.32189
3.32189
2.07796
2.07796
3.32182
3.32182
2.07793
2.07793
3.32175
3.32175
2.07789
2.07789
3.32169
3.32169
2.07785
2.07785
3.32162
3.32162
3.32159
3.32159
2.07778
2.07778
3.32152
3.32152
2.07774
2.07774
3.32145
3.32145
2.0777
2.0777
3.32138
3.32138
2.07766
2.07766
3.32132
3.32132
2.07762
2.07762
3.32125
3.32125
2.07759
2.07759
3.32118
3.32118
3.32115
3.32115
2.07751
2.07751
3.32108
3.32108
2.07747
2.07747
3.32102
3.32102
2.07744
2.07744
3.32095
3.32095
2.0774
2.0774
3.32088
3.32088
2.07736
2.07736
3.32082
3.32082
3.32078
3.32078
2.07729
2.07729
3.32072
3.32072
2.07725
2.07725
3.32065
3.32065
2.07721
2.07721
3.32058
3.32058
2.07717
2.07717
3.32052
3.32052
2.07713
2.07713
3.32045
3.32045
2.07709
2.07709
3.32038
3.32038
3.32035
3.32035
2.07702
2.07702
3.32028
3.32028
2.07698
2.07698
3.3202
3.3202
2.07693
2.07693
3.32015
3.32015
2.07691
2.07691
3.32008
3.32008
3.32004
3.32004
3.32001
3.32001
3.31999
3.31999
2.0768
2.0768
3.31992
3.31992
2.07677
2.07677
3.31984
3.31984
3.31981
3.31981
3.31978
3.31978
2.07667
2.07667
3.31972
3.31972
2.07664
2.07664
3.31965
3.31965
2.0766
2.0766
3.31958
3.31958
2.07656
2.07656
3.31951
3.31951
2.07652
2.07652
3.31944
3.31944
2.07648
2.07648
3.31938
3.31938
3.31935
3.31935
2.07641
2.07641
3.31928
3.31928
2.07637
2.07637
3.31921
3.31921
2.07634
2.07634
3.31915
3.31915
2.0763
2.0763
3.31908
3.31908
3.31905
3.31905
2.07622
2.07622
3.31898
3.31898
3.31894
3.31894
3.31891
3.31891
3.31888
3.31888
2.07612
2.07612
3.31881
3.31881
2.07611
2.07611
3.31874
3.31874
3.31871
3.31871
3.31868
3.31868
3.31865
3.31865
3.31861
3.31861
3.31858
3.31858
3.31854
3.31854
3.31851
3.31851
3.31848
3.31848
3.31845
3.31845
3.31841
3.31841
3.31838
3.31838
3.31835
3.31835
3.31831
3.31831
3.31828
3.31828
3.31825
3.31825
3.31821
3.31821
3.31818
3.31818
3.31814
3.31814
3.31811
3.31811
3.31808
3.31808
3.31804
3.31804
3.31801
3.31801
3.31798
3.31798
3.31795
3.31795
3.31791
3.31791
3.31788
3.31788
3.31785
3.31785
3.31781
3.31781
3.31778
3.31778
3.31775
3.31775
3.31771
3.31771
3.31768
3.31768
3.31764
3.31764
3.31761
3.31761
3.31758
3.31758
3.31755
3.31755
3.31751
3.31751
3.31748
3.31748
3.31744
3.31744
3.31741
3.31741
3.31738
3.31738
3.31735
3.31735
3.31731
3.31731
3.31728
3.31728
3.31724
3.31724
3.31721
3.31721
3.31718
3.31718
3.31715
3.31715
3.31711
3.31711
3.31708
3.31708
3.31704
3.31704
3.31701
3.31701
3.31698
3.31698
3.31695
3.31695
3.31691
3.31691
3.31688
3.31688
3.31684
3.31684
3.31681
3.31681
3.31678
3.31678
3.31675
3.31675
3.31671
3.31671
3.31668
3.31668
3.31664
3.31664
3.31661
3.31661
3.31658
3.31658
3.31654
3.31654
3.31651
3.31651
3.31648
3.31648
3.31645
3.31645
3.31641
3.31641
3.31638
3.31638
3.31635
3.31635
3.31631
3.31631
3.31628
3.31628
3.31625
3.31625
3.31621
3.31621
3.31618
3.31618
3.31615
3.31615
3.31611
3.31611
3.31608
3.31608
3.31604
3.31604
3.31601
3.31601
3.31598
3.31598
3.31594
3.31594
3.31591
3.31591
3.31588
3.31588
3.31585
3.31585
3.31581
3.31581
3.31578
3.31578
3.31575
3.31575
3.31571
3.31571
3.31568
3.31568
3.31565
3.31565
3.31561
3.31561
3.31558
3.31558
3.31555
3.31555
3.31551
3.31551
3.31548
3.31548
3.31545
3.31545
3.31541
3.31541
3.3154
3.3154
3.31537
3.31537
3.31534
3.31534
3.31531
3.31531
3.31528
3.31528
3.31525
3.31525
3.31522
3.31522
3.31519
3.31519
3.31516
3.31516
3.31513
3.31513
3.31509
3.31509
3.31506
3.31506
3.31503
3.31503
3.315
3.315
3.31497
3.31497
3.31494
3.31494
3.3149
3.3149
3.31487
3.31487
3.31484
3.31484
3.31481
3.31481
3.31478
3.31478
3.31474
3.31474
3.31471
3.31471
3.31468
3.31468
3.31465
3.31465
3.31462
3.31462
3.31459
3.31459
3.31455
3.31455
3.31452
3.31452
3.31449
3.31449
3.31446
3.31446
3.31443
3.31443
3.3144
3.3144
3.31436
3.31436
3.31433
3.31433
3.3143
3.3143
3.31427
3.31427
3.31424
3.31424
3.31421
3.31421
3.31417
3.31417
3.31414
3.31414
3.31414
3.31414
3.30514
3.30514
2.06638
2.06638
3.30508
3.30508
2.06634
2.06634
3.30501
3.30501
3.30501
3.30501
3.30514
3.30514
2.06638
2.06638
3.30508
3.30508
2.06634
2.06634
3.30501
3.30501
2.0663
2.0663
3.30494
3.30494
2.06626
2.06626
3.30488
3.30488
2.06623
2.06623
3.30481
3.30481
2.06619
2.06619
3.30474
3.30474
3.30471
3.30471
2.06611
2.06611
3.30465
3.30465
2.06608
2.06608
3.30458
3.30458
2.06604
2.06604
3.30451
3.30451
2.066
2.066
3.30445
3.30445
2.06596
2.06596
3.30438
3.30438
2.06593
2.06593
3.30431
3.30431
3.30428
3.30428
2.06585
2.06585
3.30421
3.30421
2.06581
2.06581
3.30415
3.30415
2.06578
2.06578
3.30408
3.30408
2.06574
2.06574
3.30402
3.30402
2.0657
2.0657
3.30395
3.30395
3.30392
3.30392
2.06563
2.06563
3.30385
3.30385
2.06559
2.06559
3.30378
3.30378
2.06555
2.06555
3.30372
3.30372
2.06552
2.06552
3.30365
3.30365
2.06548
2.06548
3.30359
3.30359
2.06544
2.06544
3.30352
3.30352
3.30349
3.30349
2.06537
2.06537
3.30342
3.30342
2.06533
2.06533
3.30335
3.30335
2.06529
2.06529
3.30329
3.30329
2.06525
2.06525
3.30322
3.30322
2.06521
2.06521
3.30316
3.30316
2.06518
2.06518
3.30309
3.30309
3.30306
3.30306
2.0651
2.0651
3.30299
3.30299
2.06507
2.06507
3.30292
3.30292
2.06503
2.06503
3.30286
3.30286
2.06499
2.06499
3.30279
3.30279
2.06495
2.06495
3.30273
3.30273
2.06491
2.06491
3.30266
3.30266
3.30263
3.30263
2.06484
2.06484
3.30256
3.30256
2.0648
2.0648
3.30249
3.30249
2.06477
2.06477
3.30243
3.30243
2.06473
2.06473
3.30236
3.30236
2.06469
2.06469
3.3023
3.3023
3.30226
3.30226
2.06462
2.06462
3.3022
3.3022
2.06458
2.06458
3.30213
3.30213
2.06454
2.06454
3.30206
3.30206
2.0645
2.0645
3.302
3.302
2.06447
2.06447
3.30193
3.30193
2.06443
2.06443
3.30187
3.30187
3.30183
3.30183
2.06436
2.06436
3.30177
3.30177
2.06432
2.06432
3.3017
3.3017
2.06428
2.06428
3.30163
3.30163
2.06424
2.06424
3.30157
3.30157
2.0642
2.0642
3.3015
3.3015
3.30147
3.30147
2.06413
2.06413
3.3014
3.3014
2.0641
2.0641
3.30134
3.30134
2.06406
2.06406
3.30127
3.30127
2.06402
2.06402
3.3012
3.3012
2.06398
2.06398
3.30114
3.30114
2.06394
2.06394
3.30107
3.30107
3.30104
3.30104
2.06387
2.06387
3.30097
3.30097
2.06383
2.06383
3.30091
3.30091
2.0638
2.0638
3.30084
3.30084
2.06376
2.06376
3.30077
3.30077
2.06372
2.06372
3.30071
3.30071
2.06368
2.06368
3.30064
3.30064
3.30061
3.30061
2.06361
2.06361
3.30054
3.30054
2.06357
2.06357
3.30048
3.30048
2.06353
2.06353
3.30041
3.30041
2.06349
2.06349
3.30034
3.30034
2.06345
2.06345
3.30028
3.30028
2.06342
2.06342
3.30021
3.30021
2.06338
2.06338
3.30015
3.30015
3.30011
3.30011
2.06331
2.06331
3.30005
3.30005
2.06327
2.06327
3.29998
3.29998
2.06323
2.06323
3.29992
3.29992
2.06319
2.06319
3.29985
3.29985
2.06315
2.06315
3.29978
3.29978
2.06312
2.06312
3.29972
3.29972
3.29968
3.29968
2.06304
2.06304
3.29962
3.29962
2.06301
2.06301
3.29955
3.29955
2.06297
2.06297
3.29949
3.29949
2.06293
2.06293
3.29942
3.29942
2.06289
2.06289
3.29935
3.29935
3.29932
3.29932
3.29929
3.29929
2.06279
2.06279
3.29922
3.29922
2.06275
2.06275
3.29916
3.29916
2.06272
2.06272
3.29909
3.29909
2.06268
2.06268
3.29902
3.29902
2.06265
2.06265
3.29896
3.29896
2.06261
2.06261
3.29889
3.29889
2.06257
2.06257
3.29883
3.29883
2.06253
2.06253
3.29876
3.29876
3.29873
3.29873
2.06246
2.06246
3.29866
3.29866
2.06242
2.06242
3.29859
3.29859
2.06238
2.06238
3.29853
3.29853
2.06235
2.06235
3.29846
3.29846
3.29843
3.29843
2.06227
2.06227
3.29836
3.29836
2.06224
2.06224
3.2983
3.2983
2.0622
2.0622
3.29823
3.29823
2.06216
2.06216
3.29817
3.29817
2.06212
2.06212
3.2981
3.2981
2.06208
2.06208
3.29803
3.29803
2.06205
2.06205
3.29797
3.29797
3.29794
3.29794
3.2979
3.2979
2.06194
2.06194
3.29784
3.29784
2.0619
2.0619
3.29777
3.29777
2.06187
2.06187
3.2977
3.2977
2.06183
2.06183
3.29764
3.29764
2.06179
2.06179
3.29757
3.29757
2.06175
2.06175
3.29751
3.29751
2.06172
2.06172
3.29744
3.29744
2.06168
2.06168
3.29737
3.29737
2.06164
2.06164
3.29731
3.29731
2.0616
2.0616
3.29724
3.29724
2.06156
2.06156
3.29718
3.29718
3.29714
3.29714
2.06149
2.06149
3.29708
3.29708
2.06145
2.06145
3.29701
3.29701
2.06141
2.06141
3.29695
3.29695
2.06137
2.06137
3.29688
3.29688
2.06134
2.06134
3.29681
3.29681
3.29678
3.29678
2.06126
2.06126
3.29672
3.29672
2.06123
2.06123
3.29665
3.29665
2.06119
2.06119
3.29658
3.29658
2.06115
2.06115
3.29652
3.29652
2.06112
2.06112
3.29645
3.29645
3.29642
3.29642
2.06104
2.06104
3.29635
3.29635
2.06101
2.06101
3.29629
3.29629
2.06097
2.06097
3.29622
3.29622
2.06093
2.06093
3.29615
3.29615
2.06089
2.06089
3.29609
3.29609
2.06085
2.06085
3.29602
3.29602
3.29599
3.29599
2.06078
2.06078
3.29592
3.29592
2.06074
2.06074
3.29586
3.29586
2.06071
2.06071
3.29579
3.29579
2.06067
2.06067
3.29573
3.29573
2.06063
2.06063
3.29566
3.29566
3.29563
3.29563
2.06056
2.06056
3.29556
3.29556
2.06052
2.06052
3.2955
3.2955
2.06049
2.06049
3.29543
3.29543
2.06045
2.06045
3.29536
3.29536
2.06041
2.06041
3.2953
3.2953
3.29527
3.29527
3.29523
3.29523
2.06031
2.06031
3.29517
3.29517
2.06027
2.06027
3.2951
3.2951
2.06023
2.06023
3.29503
3.29503
2.0602
2.0602
3.29497
3.29497
2.06016
2.06016
3.2949
3.2949
2.06012
2.06012
3.29484
3.29484
2.06008
2.06008
3.29477
3.29477
2.06005
2.06005
3.29471
3.29471
2.06001
2.06001
3.29464
3.29464
2.05997
2.05997
3.29457
3.29457
3.29454
3.29454
3.29451
3.29451
2.05986
2.05986
3.29444
3.29444
2.05983
2.05983
3.29438
3.29438
2.05979
2.05979
3.29431
