6.95301e-310
6.95301e-310
6.95301e-310
4.9619
4.9619
4.96482
4.96482
4.96775
4.96775
4.96775
4.96775
4.97312
4.97312
4.96336
4.96336
4.9619
4.9619
4.96482
4.96482
4.96775
4.96775
4.96678
4.96678
4.96629
4.96629
4.9697
4.9697
4.96336
4.96336
4.97166
4.97166
4.96531
4.96531
4.96531
4.96531
4.96726
4.96726
4.96726
4.96726
4.96482
4.96482
4.96482
4.96482
4.96726
4.96726
4.96922
4.96922
4.97117
4.97117
4.96092
4.96092
4.97995
4.97995
4.96726
4.96726
4.9619
4.9619
4.96385
4.96385
4.96824
4.96824
4.97117
4.97117
4.96873
4.96873
4.9697
4.9697
4.98044
4.98044
4.96434
4.96434
4.96775
4.96775
4.96824
4.96824
4.96678
4.96678
4.96434
4.96434
4.97019
4.97019
4.96434
4.96434
4.96336
4.96336
4.96726
4.96726
4.96678
4.96678
4.97361
4.97361
4.96434
4.96434
4.96873
4.96873
4.96873
4.96873
4.96678
4.96678
4.96922
4.96922
4.96873
4.96873
4.9658
4.9658
4.97166
4.97166
4.96385
4.96385
4.96775
4.96775
4.96678
4.96678
4.97263
4.97263
4.96629
4.96629
4.96775
4.96775
4.96824
4.96824
4.97312
4.97312
4.97214
4.97214
4.96531
4.96531
4.9697
4.9697
4.96531
4.96531
4.96629
4.96629
4.96287
4.96287
4.96678
4.96678
4.96385
4.96385
4.96482
4.96482
4.97507
4.97507
4.96873
4.96873
4.96775
4.96775
4.95897
4.95897
4.96336
4.96336
4.96873
4.96873
4.96824
4.96824
4.97166
4.97166
4.96678
4.96678
4.96238
4.96238
4.97263
4.97263
4.9658
4.9658
4.96922
4.96922
4.97019
4.97019
4.9658
4.9658
4.9619
4.9619
4.96287
4.96287
4.97605
4.97605
4.97214
4.97214
4.9619
4.9619
4.97312
4.97312
4.96726
4.96726
4.96726
4.96726
4.97068
4.97068
4.97361
4.97361
4.97605
4.97605
4.96434
4.96434
4.9697
4.9697
4.97019
4.97019
4.96726
4.96726
4.97019
4.97019
4.96287
4.96287
4.96531
4.96531
4.97214
4.97214
4.97019
4.97019
4.97068
4.97068
4.96873
4.96873
4.96531
4.96531
4.97507
4.97507
4.9658
4.9658
4.96726
4.96726
4.96873
4.96873
4.9697
4.9697
4.97214
4.97214
4.96385
4.96385
4.96629
4.96629
4.97117
4.97117
4.96678
4.96678
4.96629
4.96629
4.96824
4.96824
4.96775
4.96775
4.9697
4.9697
4.96775
4.96775
4.97263
4.97263
4.96824
4.96824
4.97068
4.97068
4.96726
4.96726
4.97214
4.97214
4.97166
4.97166
4.9619
4.9619
4.9658
4.9658
4.97019
4.97019
4.96287
4.96287
4.96434
4.96434
4.9697
4.9697
4.97556
4.97556
4.96678
4.96678
4.97312
4.97312
4.97263
4.97263
4.96775
4.96775
4.97263
4.97263
4.96531
4.96531
4.96678
4.96678
4.96775
4.96775
4.96678
4.96678
4.9697
4.9697
4.9619
4.9619
4.9658
4.9658
4.97068
4.97068
4.9697
4.9697
4.97117
4.97117
4.97117
4.97117
4.9697
4.9697
4.96726
4.96726
4.96678
4.96678
4.9619
4.9619
4.9658
4.9658
4.96434
4.96434
4.96629
4.96629
4.97507
4.97507
4.96434
4.96434
4.9697
4.9697
4.96531
4.96531
4.9697
4.9697
4.97458
4.97458
4.97117
4.97117
4.96678
4.96678
4.9658
4.9658
4.9697
4.9697
4.96678
4.96678
4.97019
4.97019
4.9697
4.9697
4.97702
4.97702
4.96824
4.96824
4.96238
4.96238
4.97361
4.97361
4.96726
4.96726
4.97019
4.97019
4.96434
4.96434
4.96629
4.96629
4.96629
4.96629
4.96336
4.96336
4.9619
4.9619
4.96482
4.96482
4.95946
4.95946
4.96287
4.96287
4.96726
4.96726
4.96922
4.96922
4.9697
4.9697
4.9658
4.9658
4.9697
4.9697
4.96726
4.96726
4.9619
4.9619
4.97019
4.97019
4.96922
4.96922
4.97068
4.97068
4.95653
4.95653
4.97361
4.97361
4.96824
4.96824
4.96873
4.96873
4.97312
4.97312
4.96922
4.96922
4.97556
4.97556
4.97019
4.97019
4.96824
4.96824
4.96629
4.96629
4.97019
4.97019
4.96238
4.96238
4.96385
4.96385
4.96678
4.96678
4.97019
4.97019
4.96531
4.96531
4.96922
4.96922
4.9697
4.9697
4.97068
4.97068
4.97605
4.97605
4.96238
4.96238
4.97019
4.97019
4.97068
4.97068
6.52008
6.52008
9.13234
9.13234
7.22329
7.22329
2.85374
2.85374
6.01842
6.01842
7.38091
7.38091
3.84633
3.84633
4.8965
4.8965
6.28926
6.28926
4.14986
4.14986
4.25186
4.25186
4.39923
4.39923
4.19427
4.19427
4.17768
4.17768
3.62282
3.62282
4.46511
4.46511
4.99264
4.99264
4.62322
4.62322
4.7706
4.7706
5.1449
5.1449
4.77987
4.77987
4.47878
4.47878
5.24347
5.24347
5.77588
5.77588
5.33912
5.33912
4.67983
4.67983
4.73937
4.73937
5.58361
5.58361
4.78622
4.78622
4.15767
4.15767
4.52172
4.52172
5.19321
5.19321
4.65348
4.65348
3.84779
3.84779
4.6281
4.6281
4.65348
4.65348
4.72034
4.72034
4.55686
4.55686
4.86625
4.86625
5.12294
5.12294
4.67837
4.67837
4.91554
4.91554
4.99703
4.99703
5.11415
5.11415
5.06877
5.06877
4.9497
4.9497
4.97019
4.97019
4.95799
4.95799
5.04339
5.04339
4.7135
4.7135
4.66568
4.66568
5.12489
5.12489
4.90236
4.90236
4.86039
4.86039
4.89358
4.89358
4.32164
4.32164
4.4573
4.4573
4.81891
4.81891
4.79793
4.79793
4.82574
4.82574
4.8843
4.8843
5.17613
5.17613
4.90724
4.90724
4.94238
4.94238
4.88284
4.88284
5.03168
5.03168
4.99313
4.99313
4.96824
4.96824
5.05852
5.05852
5.07072
5.07072
5.11122
5.11122
4.97702
4.97702
4.83648
4.83648
4.99752
4.99752
4.87064
4.87064
5.05071
5.05071
5.01265
5.01265
4.9741
4.9741
4.93701
4.93701
5.00826
5.00826
4.75206
4.75206
4.72131
4.72131
4.79793
4.79793
4.91407
4.91407
4.93798
4.93798
4.9619
4.9619
5.09414
5.09414
4.75986
4.75986
4.88674
4.88674
5.14685
5.14685
5.18101
5.18101
4.91602
4.91602
4.88821
4.88821
4.87503
4.87503
5.05364
5.05364
5.13855
5.13855
5.19223
5.19223
4.99459
4.99459
5.04534
5.04534
4.91261
4.91261
4.89602
4.89602
5.02338
5.02338
4.97605
4.97605
5.12098
5.12098
4.95165
4.95165
5.05364
5.05364
5.07999
5.07999
4.91798
4.91798
4.83111
4.83111
4.90968
4.90968
5.10244
5.10244
5.07414
5.07414
4.93798
4.93798
4.85649
4.85649
5.02729
5.02729
4.99118
4.99118
4.95506
4.95506
4.91798
4.91798
4.86234
4.86234
5.03119
5.03119
5.01265
5.01265
4.94628
4.94628
5.05657
5.05657
5.17515
5.17515
4.96385
4.96385
4.99557
4.99557
5.03412
5.03412
4.92334
4.92334
4.96482
4.96482
5.02631
5.02631
5.01899
5.01899
4.97654
4.97654
5.07609
5.07609
5.11074
5.11074
4.92822
4.92822
4.95946
4.95946
5.16344
5.16344
4.9863
4.9863
4.98678
4.98678
5.05266
5.05266
4.95458
4.95458
5.10878
5.10878
4.83306
4.83306
5.05559
5.05559
4.9331
4.9331
5.0351
5.0351
4.90187
4.90187
5.02973
5.02973
4.94677
4.94677
5.10927
5.10927
4.88626
4.88626
5.02924
5.02924
4.99118
4.99118
5.01216
5.01216
5.0473
5.0473
4.92774
4.92774
5.02387
5.02387
5.00777
5.00777
5.03119
5.03119
4.95604
4.95604
4.99069
4.99069
5.0756
5.0756
5.03705
5.03705
4.94238
4.94238
4.9863
4.9863
5.06486
5.06486
5.02826
5.02826
4.88479
4.88479
4.92822
4.92822
5.06486
5.06486
5.08731
5.08731
5.03119
5.03119
4.94482
4.94482
4.93554
4.93554
4.97946
4.97946
4.97751
4.97751
4.96531
4.96531
4.93164
4.93164
4.95262
4.95262
4.99459
4.99459
5.01021
5.01021
4.9902
4.9902
4.97946
4.97946
4.9697
4.9697
4.95458
4.95458
4.96043
4.96043
4.97068
4.97068
4.99557
4.99557
4.97263
4.97263
4.96238
4.96238
5.02387
5.02387
5.04925
5.04925
4.97458
4.97458
4.98093
4.98093
5.01167
5.01167
4.91407
4.91407
4.9619
4.9619
4.91651
4.91651
4.9985
4.9985
5.0185
5.0185
5.03022
5.03022
4.98483
4.98483
4.95409
4.95409
4.92188
4.92188
4.90236
4.90236
4.96873
4.96873
4.98922
4.98922
5.00679
5.00679
4.9819
4.9819
4.9819
4.9819
4.96287
4.96287
4.95848
4.95848
4.97214
4.97214
4.96678
4.96678
4.96141
4.96141
4.96141
4.96141
4.96287
4.96287
4.95848
4.95848
4.97214
4.97214
4.96678
4.96678
4.96141
4.96141
4.97166
4.97166
4.96629
4.96629
4.96238
4.96238
4.95799
4.95799
4.97166
4.97166
4.96238
4.96238
4.9619
4.9619
4.96775
4.96775
4.97166
4.97166
4.95604
4.95604
4.9658
4.9658
4.96775
4.96775
4.96482
4.96482
4.96775
4.96775
4.95702
4.95702
4.9658
4.9658
4.96287
4.96287
4.96238
4.96238
4.96336
4.96336
4.97068
4.97068
4.96824
4.96824
4.96287
4.96287
4.96775
4.96775
4.96775
4.96775
4.9697
4.9697
4.95848
4.95848
4.96629
4.96629
4.97117
4.97117
4.96678
4.96678
4.96678
4.96678
4.97068
4.97068
4.96287
4.96287
4.9619
4.9619
4.96873
4.96873
4.96287
4.96287
4.96141
4.96141
4.97458
4.97458
4.96043
4.96043
4.96092
4.96092
4.96531
4.96531
4.96287
4.96287
4.96434
4.96434
4.96434
4.96434
4.97068
4.97068
4.96873
4.96873
4.96678
4.96678
4.96824
4.96824
4.97263
4.97263
4.9619
4.9619
4.96775
4.96775
4.96482
4.96482
4.97263
4.97263
4.97117
4.97117
4.96629
4.96629
4.96385
4.96385
4.96434
4.96434
4.96775
4.96775
4.97166
4.97166
4.9619
4.9619
4.9619
4.9619
4.96629
4.96629
4.96726
4.96726
4.9575
4.9575
4.9536
4.9536
4.97166
4.97166
4.96092
4.96092
4.96678
4.96678
4.96726
4.96726
4.97458
4.97458
4.97263
4.97263
4.95702
4.95702
4.95555
4.95555
4.97117
4.97117
4.97263
4.97263
4.95262
4.95262
4.95018
4.95018
4.96434
4.96434
4.96434
4.96434
4.96336
4.96336
4.96287
4.96287
4.97556
4.97556
4.97751
4.97751
4.96238
4.96238
4.95799
4.95799
4.96775
4.96775
4.97361
4.97361
4.95897
4.95897
4.96629
4.96629
4.96873
4.96873
4.96531
4.96531
4.97068
4.97068
4.97166
4.97166
4.96678
4.96678
4.96726
4.96726
4.96287
4.96287
4.9575
4.9575
4.9697
4.9697
4.96873
4.96873
4.96385
4.96385
4.95897
4.95897
4.96434
4.96434
4.9697
4.9697
4.96287
4.96287
4.96922
4.96922
4.97019
4.97019
4.9658
4.9658
4.96482
4.96482
4.9575
4.9575
4.96336
4.96336
4.97117
4.97117
4.96726
4.96726
4.96824
4.96824
4.96629
4.96629
4.97068
4.97068
4.9658
4.9658
4.96385
4.96385
4.96336
4.96336
4.9658
4.9658
4.9658
4.9658
4.96726
4.96726
4.97117
4.97117
4.97214
4.97214
4.97166
4.97166
4.96775
4.96775
4.9658
4.9658
4.95946
4.95946
4.96336
4.96336
4.9658
4.9658
4.97166
4.97166
4.96678
4.96678
4.96922
4.96922
4.95799
4.95799
4.96726
4.96726
4.96726
4.96726
4.96434
4.96434
4.96678
4.96678
4.97019
4.97019
4.96726
4.96726
4.96141
4.96141
4.95799
4.95799
4.96238
4.96238
4.96336
4.96336
4.97605
4.97605
4.96922
4.96922
4.96238
4.96238
4.9658
4.9658
4.95702
4.95702
4.96678
4.96678
4.9658
4.9658
4.9741
4.9741
4.97263
4.97263
4.96482
4.96482
4.96092
4.96092
4.97117
4.97117
4.96775
4.96775
4.96922
4.96922
4.96482
4.96482
4.97166
4.97166
4.96482
4.96482
4.96824
4.96824
4.97312
4.97312
4.96629
4.96629
4.97361
4.97361
4.9697
4.9697
4.95897
4.95897
4.96629
4.96629
4.96629
4.96629
4.97117
4.97117
4.96287
4.96287
4.97458
4.97458
4.97019
4.97019
4.96434
4.96434
4.96482
4.96482
4.96092
4.96092
4.97166
4.97166
4.96238
4.96238
4.96043
4.96043
4.97068
4.97068
4.96775
4.96775
4.97995
4.97995
4.97507
4.97507
4.95702
4.95702
4.96629
4.96629
4.97068
4.97068
4.95897
4.95897
4.95702
4.95702
4.97458
4.97458
4.9658
4.9658
4.96043
4.96043
4.96238
4.96238
4.9658
4.9658
4.96726
4.96726
4.9658
4.9658
4.96092
4.96092
4.96824
4.96824
4.97214
4.97214
4.96238
4.96238
4.96824
4.96824
5.08975
5.08975
4.95994
4.95994
4.9658
4.9658
4.96873
4.96873
4.96092
4.96092
4.95946
4.95946
4.96726
4.96726
4.96775
4.96775
4.96434
4.96434
4.96824
4.96824
4.96922
4.96922
4.95702
4.95702
4.97068
4.97068
4.96629
4.96629
4.96385
4.96385
4.9697
4.9697
4.9697
4.9697
4.9619
4.9619
4.97654
4.97654
4.96385
4.96385
4.96629
4.96629
4.96678
4.96678
4.96775
4.96775
4.9697
4.9697
4.96775
4.96775
4.96824
4.96824
4.97361
4.97361
4.9697
4.9697
4.95702
4.95702
4.97068
4.97068
4.97117
4.97117
4.96824
4.96824
4.97312
4.97312
4.96678
4.96678
4.9697
4.9697
4.9697
4.9697
4.97068
4.97068
4.9697
4.9697
4.95848
4.95848
4.9658
4.9658
4.97068
4.97068
4.9658
4.9658
4.95897
4.95897
4.9697
4.9697
4.97556
4.97556
4.96678
4.96678
4.97068
4.97068
4.9658
4.9658
4.96824
4.96824
4.97458
4.97458
4.96434
4.96434
4.9536
4.9536
4.96678
4.96678
4.97166
4.97166
4.97214
4.97214
4.96238
4.96238
4.97166
4.97166
4.97166
4.97166
4.96287
4.96287
4.9697
4.9697
4.95897
4.95897
4.97117
4.97117
4.96531
4.96531
4.96482
4.96482
4.95897
4.95897
4.96092
4.96092
4.97214
4.97214
4.96678
4.96678
4.95897
4.95897
4.96873
4.96873
4.96482
4.96482
4.95897
4.95897
4.96434
4.96434
4.96726
4.96726
4.96678
4.96678
4.96678
4.96678
4.96824
4.96824
4.96678
4.96678
4.96531
4.96531
4.97458
4.97458
4.96336
4.96336
4.97117
4.97117
4.96726
4.96726
4.9619
4.9619
4.96092
4.96092
4.96922
4.96922
4.96824
4.96824
4.96434
4.96434
4.96482
4.96482
4.97019
4.97019
4.96678
4.96678
4.96629
4.96629
4.96482
4.96482
4.96287
4.96287
4.95702
4.95702
5.09512
5.09512
4.95946
4.95946
4.9619
4.9619
4.96824
4.96824
4.97166
4.97166
4.96238
4.96238
4.9697
4.9697
4.96922
4.96922
4.97458
4.97458
4.96434
4.96434
4.96775
4.96775
4.9619
4.9619
4.96678
4.96678
4.97312
4.97312
4.9658
4.9658
4.95897
4.95897
4.96238
4.96238
4.97361
4.97361
4.96336
4.96336
4.9658
4.9658
4.9741
4.9741
4.96482
4.96482
4.9697
4.9697
4.97019
4.97019
4.97458
4.97458
4.96824
4.96824
4.96043
4.96043
4.98532
4.98532
4.95702
4.95702
4.93164
