6.95301e-310
6.95301e-310
6.95301e-310
6.01034
6.01034
3.93269
3.93269
6.01031
6.01031
6.01031
6.01031
6.01037
6.01037
3.93271
3.93271
6.01034
6.01034
3.93269
3.93269
6.01031
6.01031
3.93267
3.93267
6.01028
6.01028
3.93266
3.93266
6.01025
6.01025
3.93264
3.93264
6.01022
6.01022
3.93262
3.93262
6.01019
6.01019
3.9326
3.9326
6.01016
6.01016
3.93258
3.93258
6.01013
6.01013
3.93256
3.93256
6.0101
6.0101
3.93254
3.93254
6.01007
6.01007
3.93252
3.93252
6.01004
6.01004
3.93251
3.93251
6.01001
6.01001
3.93249
3.93249
6.00998
6.00998
3.93247
3.93247
6.00995
6.00995
3.93245
3.93245
6.00992
6.00992
3.93243
3.93243
6.00989
6.00989
3.93241
3.93241
6.00985
6.00985
3.93239
3.93239
6.00982
6.00982
3.93237
3.93237
6.00979
6.00979
3.93235
3.93235
6.00976
6.00976
3.93233
3.93233
6.00973
6.00973
3.93232
3.93232
6.0097
6.0097
3.9323
3.9323
6.00967
6.00967
3.93228
3.93228
6.00964
6.00964
3.93226
3.93226
6.00961
6.00961
3.93224
3.93224
6.00958
6.00958
3.93222
3.93222
6.00955
6.00955
3.9322
3.9322
6.00952
6.00952
3.93218
3.93218
6.00949
6.00949
3.93216
3.93216
6.00946
6.00946
3.93214
3.93214
6.00943
6.00943
3.93212
3.93212
6.0094
6.0094
3.93211
3.93211
6.00937
6.00937
3.93209
3.93209
6.00934
6.00934
3.93207
3.93207
6.00931
6.00931
3.93205
3.93205
6.00928
6.00928
3.93203
3.93203
6.00925
6.00925
3.93201
3.93201
6.00922
6.00922
3.93199
3.93199
6.00919
6.00919
3.93197
3.93197
6.00916
6.00916
3.93195
3.93195
6.00913
6.00913
3.93194
3.93194
6.0091
6.0091
3.93192
3.93192
6.00907
6.00907
3.9319
3.9319
6.00904
6.00904
3.93188
3.93188
6.009
6.009
3.93186
3.93186
6.00897
6.00897
3.93184
3.93184
6.00894
6.00894
3.93182
3.93182
6.00891
6.00891
3.9318
3.9318
6.00888
6.00888
3.93178
3.93178
6.00885
6.00885
3.93176
3.93176
6.00882
6.00882
3.93174
3.93174
6.00879
6.00879
3.93173
3.93173
6.00876
6.00876
3.93171
3.93171
6.00873
6.00873
3.93169
3.93169
6.0087
6.0087
3.93167
3.93167
6.00867
6.00867
3.93165
3.93165
6.00864
6.00864
3.93163
3.93163
6.00861
6.00861
3.93161
3.93161
6.00858
6.00858
3.93159
3.93159
6.00855
6.00855
3.93157
3.93157
6.00852
6.00852
3.93155
3.93155
6.00849
6.00849
3.93153
3.93153
6.00846
6.00846
3.93151
3.93151
6.00843
6.00843
3.9315
3.9315
6.0084
6.0084
3.93148
3.93148
6.00837
6.00837
3.93146
3.93146
6.00834
6.00834
3.93144
3.93144
6.00831
6.00831
3.93142
3.93142
6.00828
6.00828
3.9314
3.9314
6.00825
6.00825
3.93138
3.93138
6.00822
6.00822
3.93136
3.93136
6.00818
6.00818
3.93134
3.93134
6.00815
6.00815
3.93132
3.93132
6.00812
6.00812
3.9313
3.9313
6.00809
6.00809
3.93129
3.93129
6.00806
6.00806
3.93127
3.93127
6.00803
6.00803
3.93125
3.93125
6.008
6.008
3.93123
3.93123
6.00797
6.00797
3.93121
3.93121
6.00794
6.00794
3.93119
3.93119
6.00791
6.00791
3.93117
3.93117
6.00788
6.00788
3.93115
3.93115
6.00785
6.00785
3.93113
3.93113
6.00782
6.00782
3.93111
3.93111
6.00779
6.00779
3.93109
3.93109
6.00776
6.00776
3.93108
3.93108
6.00773
6.00773
3.93106
3.93106
6.0077
6.0077
3.93104
3.93104
6.00767
6.00767
3.93102
3.93102
6.00764
6.00764
3.931
3.931
6.00761
6.00761
3.93098
3.93098
6.00758
6.00758
3.93096
3.93096
6.00755
6.00755
3.93094
3.93094
6.00752
6.00752
3.93092
3.93092
6.00749
6.00749
3.9309
3.9309
6.00746
6.00746
3.93089
3.93089
6.00743
6.00743
3.93087
3.93087
6.0074
6.0074
3.93085
3.93085
6.00737
6.00737
3.93083
3.93083
6.00734
6.00734
3.93081
3.93081
6.0073
6.0073
3.93079
3.93079
6.00727
6.00727
3.93077
3.93077
6.00724
6.00724
3.93075
3.93075
6.00721
6.00721
3.93073
3.93073
6.00718
6.00718
3.93071
3.93071
6.00715
6.00715
3.93069
3.93069
6.00712
6.00712
3.93067
3.93067
6.00706
6.00706
3.93064
3.93064
6.00703
6.00703
3.93061
3.93061
6.00698
6.00698
3.93059
3.93059
6.00693
6.00693
3.93056
3.93056
6.0069
6.0069
3.93054
3.93054
6.00687
6.00687
3.93052
3.93052
6.00686
6.00686
3.93051
3.93051
5.79752
5.79752
3.9305
3.9305
6.69277
6.69277
3.9305
3.9305
5.79748
5.79748
6.3718
6.3718
5.79744
5.79744
5.79743
5.79743
4.89498
4.89498
4.59876
4.59876
4.29889
4.29889
5.79734
5.79734
4.29886
4.29886
5.79731
5.79731
4.29884
4.29884
5.79728
5.79728
3.93049
3.93049
5.79725
5.79725
3.93048
3.93048
6.69274
6.69274
3.93046
3.93046
6.37176
6.37176
3.93046
3.93046
6.37172
6.37172
3.93046
3.93046
5.49755
5.49755
3.93046
3.93046
5.49752
5.49752
5.49751
5.49751
5.49749
5.49749
4.89495
4.89495
4.89494
4.89494
4.59875
4.59875
4.59874
4.59874
3.9304
3.9304
6.69271
6.69271
3.93038
3.93038
6.69268
6.69268
3.93038
3.93038
6.3717
6.3717
3.93037
3.93037
6.37167
6.37167
3.93037
3.93037
5.79716
5.79716
3.93035
3.93035
5.79713
5.79713
3.93034
3.93034
5.49748
5.49748
3.93032
3.93032
5.19788
5.19788
3.93032
3.93032
4.89492
4.89492
3.93032
3.93032
4.8949
4.8949
3.93031
3.93031
4.59873
4.59873
3.93031
3.93031
6.37165
6.37165
3.93029
3.93029
6.37162
6.37162
3.93027
3.93027
5.79711
5.79711
3.93025
3.93025
5.79708
5.79708
3.93024
3.93024
5.79705
5.79705
3.93022
3.93022
5.79702
5.79702
3.93022
3.93022
5.19783
5.19783
3.93021
3.93021
5.19781
5.19781
3.93021
3.93021
5.19779
5.19779
3.93021
3.93021
6.00676
6.00676
3.93019
3.93019
6.00674
6.00674
3.93017
3.93017
6.0067
6.0067
3.93015
3.93015
6.00667
6.00667
3.93015
3.93015
5.49745
5.49745
3.93015
3.93015
5.49742
5.49742
3.93015
3.93015
5.4974
5.4974
3.93014
3.93014
5.49737
5.49737
3.93014
3.93014
6.69244
6.69244
3.93012
3.93012
6.69241
6.69241
3.9301
3.9301
6.69237
6.69237
3.93008
3.93008
6.69234
6.69234
3.93006
3.93006
5.79698
5.79698
3.93006
3.93006
5.79695
5.79695
3.93005
3.93005
5.79692
5.79692
3.93004
3.93004
5.79689
5.79689
3.93002
3.93002
5.79686
5.79686
3.93
3.93
6.37159
6.37159
3.92998
3.92998
6.37156
6.37156
3.92996
3.92996
6.37153
6.37153
3.92994
3.92994
6.3715
6.3715
3.92992
3.92992
6.37146
6.37146
3.9299
3.9299
6.37143
6.37143
3.92988
3.92988
6.3714
6.3714
3.92986
3.92986
6.37136
6.37136
3.92984
3.92984
6.37133
6.37133
3.92982
3.92982
6.3713
6.3713
3.9298
3.9298
6.37127
6.37127
3.92978
3.92978
6.37124
6.37124
3.92976
3.92976
6.3712
6.3712
3.92974
3.92974
6.37117
6.37117
3.92972
3.92972
6.37114
6.37114
3.9297
3.9297
6.37111
6.37111
3.92968
3.92968
6.37107
6.37107
3.92966
3.92966
6.37104
6.37104
3.92964
3.92964
6.37101
6.37101
3.92962
3.92962
6.37098
6.37098
3.9296
3.9296
6.37095
6.37095
3.92958
3.92958
6.37091
6.37091
3.92956
3.92956
6.37088
6.37088
3.92954
3.92954
6.37085
6.37085
3.92952
3.92952
6.37082
6.37082
3.9295
3.9295
6.37078
6.37078
3.92948
3.92948
6.37075
6.37075
3.92946
3.92946
6.37072
6.37072
3.92944
3.92944
6.37069
6.37069
3.92942
3.92942
6.37066
6.37066
3.9294
3.9294
6.37063
6.37063
3.92938
3.92938
6.37059
6.37059
3.92936
3.92936
6.37056
6.37056
3.92934
3.92934
6.37053
6.37053
3.92932
3.92932
6.3705
6.3705
3.9293
3.9293
6.37047
6.37047
3.92928
3.92928
6.37044
6.37044
3.92926
3.92926
6.3704
6.3704
3.92924
3.92924
6.37037
6.37037
3.92922
3.92922
6.37034
6.37034
3.9292
3.9292
6.37031
6.37031
3.92918
3.92918
6.37028
6.37028
3.92916
3.92916
3.92916
3.92916
6.36592
6.36592
3.92641
3.92641
6.36589
6.36589
3.92639
3.92639
6.36585
6.36585
6.36585
6.36585
6.36592
6.36592
3.92641
3.92641
6.36589
6.36589
3.92639
3.92639
6.36585
6.36585
3.92637
3.92637
6.36582
6.36582
3.92635
3.92635
6.36579
6.36579
3.92634
3.92634
6.36576
6.36576
3.92632
3.92632
6.36573
6.36573
3.9263
3.9263
6.3657
6.3657
3.92628
3.92628
6.36566
6.36566
3.92626
3.92626
6.36563
6.36563
3.92624
3.92624
6.3656
6.3656
3.92622
3.92622
6.36557
6.36557
3.9262
3.9262
6.36554
6.36554
3.92618
3.92618
6.36551
6.36551
3.92616
3.92616
6.36548
6.36548
3.92614
3.92614
6.36544
6.36544
3.92612
3.92612
6.36541
6.36541
3.9261
3.9261
6.36538
6.36538
3.92607
3.92607
6.36535
6.36535
3.92605
3.92605
6.36532
6.36532
3.92603
3.92603
6.36529
6.36529
3.92601
3.92601
6.36525
6.36525
3.926
3.926
6.36522
6.36522
3.92598
3.92598
6.36519
6.36519
3.92596
3.92596
6.36516
6.36516
3.92593
3.92593
6.36513
6.36513
3.92591
3.92591
6.3651
6.3651
3.92589
3.92589
6.36507
6.36507
3.92587
3.92587
6.36503
6.36503
3.92585
3.92585
6.365
6.365
3.92583
3.92583
6.36497
6.36497
3.92581
3.92581
6.36494
6.36494
3.92579
3.92579
6.36491
6.36491
3.92577
3.92577
6.36488
6.36488
3.92575
3.92575
6.36484
6.36484
3.92573
3.92573
6.36481
6.36481
3.92572
3.92572
6.36478
6.36478
3.9257
3.9257
6.36475
6.36475
3.92568
3.92568
6.36472
6.36472
3.92566
3.92566
6.36469
6.36469
3.92564
3.92564
6.36466
6.36466
3.92562
3.92562
6.36462
6.36462
3.9256
3.9256
6.36459
6.36459
3.92558
3.92558
6.36456
6.36456
3.92556
3.92556
6.36453
6.36453
3.92554
3.92554
6.3645
6.3645
3.92552
3.92552
6.36447
6.36447
3.9255
3.9255
6.36443
6.36443
3.92548
3.92548
6.3644
6.3644
3.92546
3.92546
6.36437
6.36437
3.92544
3.92544
6.36434
6.36434
3.92542
3.92542
6.36431
6.36431
3.9254
3.9254
6.36428
6.36428
3.92538
3.92538
6.36424
6.36424
3.92536
3.92536
6.36421
6.36421
3.92534
3.92534
6.36418
6.36418
3.92532
3.92532
6.36415
6.36415
3.9253
3.9253
6.36412
6.36412
3.92528
3.92528
6.36409
6.36409
3.92526
3.92526
6.36406
6.36406
3.92524
3.92524
6.36402
6.36402
3.92522
3.92522
6.36399
6.36399
3.9252
3.9252
6.36396
6.36396
3.92518
3.92518
6.36393
6.36393
3.92516
3.92516
6.3639
6.3639
3.92514
3.92514
6.36387
6.36387
3.92512
3.92512
6.36383
6.36383
3.9251
3.9251
6.3638
6.3638
3.92508
3.92508
6.36377
6.36377
3.92506
3.92506
6.36374
6.36374
3.92504
3.92504
6.36371
6.36371
3.92502
3.92502
6.36368
6.36368
3.925
3.925
6.36364
6.36364
3.92498
3.92498
6.36361
6.36361
3.92496
3.92496
6.36358
6.36358
3.92494
3.92494
6.36355
6.36355
3.92492
3.92492
6.36352
6.36352
3.9249
3.9249
6.36349
6.36349
3.92488
3.92488
6.36346
6.36346
3.92485
3.92485
6.36342
6.36342
3.92483
3.92483
6.36339
6.36339
3.92481
3.92481
6.36336
6.36336
3.92479
3.92479
6.36333
6.36333
3.92477
3.92477
6.3633
6.3633
3.92475
3.92475
6.36327
6.36327
3.92473
3.92473
6.36323
6.36323
3.92471
3.92471
6.3632
6.3632
3.92469
3.92469
6.36317
6.36317
3.92467
3.92467
6.36314
6.36314
3.92465
3.92465
6.36311
6.36311
3.92463
3.92463
6.36308
6.36308
3.92461
3.92461
6.36304
6.36304
3.92459
3.92459
6.36301
6.36301
3.92457
3.92457
6.36298
6.36298
3.92455
3.92455
6.36295
6.36295
3.92453
3.92453
6.36292
6.36292
3.92451
3.92451
6.36289
6.36289
3.92449
3.92449
6.36286
6.36286
3.92447
3.92447
6.36282
6.36282
3.92445
3.92445
6.36279
6.36279
3.92443
3.92443
6.36276
6.36276
3.92441
3.92441
6.36273
6.36273
3.92439
3.92439
6.3627
6.3627
3.92437
3.92437
6.36267
6.36267
3.92435
3.92435
6.36263
6.36263
3.92433
3.92433
6.3626
6.3626
3.92431
3.92431
6.36257
6.36257
3.92429
3.92429
6.36254
6.36254
3.92427
3.92427
6.36251
6.36251
3.92425
3.92425
6.36248
6.36248
3.92423
3.92423
6.36244
6.36244
3.92421
3.92421
6.36241
6.36241
3.92419
3.92419
6.36238
6.36238
3.92417
3.92417
6.36235
6.36235
3.92415
3.92415
6.36232
6.36232
3.92413
3.92413
6.36229
6.36229
3.92411
3.92411
6.36225
6.36225
3.92409
3.92409
6.36222
6.36222
3.92407
3.92407
6.36219
6.36219
3.92405
3.92405
6.36216
6.36216
3.92403
3.92403
6.36213
6.36213
3.92401
3.92401
6.3621
6.3621
3.92399
3.92399
6.36206
6.36206
3.92397
3.92397
6.36203
6.36203
3.92395
3.92395
6.362
6.362
3.92393
3.92393
6.36197
6.36197
3.92391
3.92391
6.36194
6.36194
3.92389
3.92389
6.36191
6.36191
3.92387
3.92387
6.36188
6.36188
3.92385
3.92385
6.36184
6.36184
3.92383
3.92383
6.36181
6.36181
3.92381
3.92381
6.36178
6.36178
3.92379
3.92379
6.36175
6.36175
3.92377
3.92377
6.36172
6.36172
3.92375
3.92375
6.36169
6.36169
3.92373
3.92373
6.36165
6.36165
3.92371
3.92371
6.36162
6.36162
3.92369
3.92369
6.36159
6.36159
3.92367
3.92367
6.36156
6.36156
3.92365
3.92365
6.36153
6.36153
3.92363
3.92363
6.3615
6.3615
3.92361
3.92361
6.36146
6.36146
3.92359
3.92359
6.36143
6.36143
3.92357
3.92357
6.3614
6.3614
3.92355
3.92355
6.36137
6.36137
3.92353
3.92353
6.36134
6.36134
3.92351
3.92351
6.36131
6.36131
3.92349
3.92349
6.36128
6.36128
3.92347
3.92347
6.36124
6.36124
3.92345
3.92345
6.36121
6.36121
3.92343
3.92343
6.36118
6.36118
3.92341
3.92341
6.36115
6.36115
3.92339
3.92339
6.36112
6.36112
3.92337
3.92337
6.36108
6.36108
3.92335
3.92335
6.36105
6.36105
3.92333
3.92333
6.36102
6.36102
3.92331
3.92331
6.36099
6.36099
3.92329
3.92329
6.36096
6.36096
3.92327
3.92327
6.36093
6.36093
3.92325
3.92325
6.36089
6.36089
3.92323
3.92323
6.36086
6.36086
3.92321
3.92321
6.36083
6.36083
3.92319
3.92319
6.3608
6.3608
3.92317
3.92317
6.36077
6.36077
3.92315
