4.93213
4.93213
4.93213
4.93213
4.9253
4.9253
4.91749
4.91749
4.92578
4.92578
4.92578
4.92578
4.91017
4.91017
4.92042
4.92042
4.9253
4.9253
4.91749
4.91749
4.92578
4.92578
4.92042
4.92042
4.91749
4.91749
4.91066
4.91066
4.92042
4.92042
4.92188
4.92188
4.91749
4.91749
4.92188
4.92188
4.91749
4.91749
4.91358
4.91358
4.91456
4.91456
4.9131
4.9131
4.92676
4.92676
4.90187
4.90187
4.92432
4.92432
4.91456
4.91456
4.91456
4.91456
4.91505
4.91505
4.91846
4.91846
4.91993
4.91993
4.91846
4.91846
4.92188
4.92188
4.91944
4.91944
4.92383
4.92383
4.92188
4.92188
4.91846
4.91846
4.9131
4.9131
4.92042
4.92042
4.92237
4.92237
4.92286
4.92286
4.91749
4.91749
4.92042
4.92042
4.91749
4.91749
4.91846
4.91846
4.91798
4.91798
4.91944
4.91944
4.92871
4.92871
4.90968
4.90968
4.91798
4.91798
4.91456
4.91456
4.91944
4.91944
4.92432
4.92432
4.92432
4.92432
4.92822
4.92822
4.91358
4.91358
4.93506
4.93506
4.93115
4.93115
4.91798
4.91798
4.90773
4.90773
4.92139
4.92139
4.93408
4.93408
4.90382
4.90382
4.90968
4.90968
4.93262
4.93262
4.917
4.917
4.91017
4.91017
4.9209
4.9209
4.92725
4.92725
4.93115
4.93115
4.92188
4.92188
4.92188
4.92188
4.91798
4.91798
4.91407
4.91407
4.91407
4.91407
4.92334
4.92334
4.917
4.917
4.92725
4.92725
4.91456
4.91456
4.92871
4.92871
4.91212
4.91212
4.9131
4.9131
4.93213
4.93213
4.92578
4.92578
4.91798
4.91798
4.91651
4.91651
4.917
4.917
4.90773
4.90773
4.91554
4.91554
4.92432
4.92432
4.91846
4.91846
4.91944
4.91944
4.91846
4.91846
4.92042
4.92042
4.93066
4.93066
4.92139
4.92139
4.91895
4.91895
4.91651
4.91651
4.92188
4.92188
4.92139
4.92139
4.90431
4.90431
4.91358
4.91358
4.92188
4.92188
4.91114
4.91114
4.91846
4.91846
4.91456
4.91456
4.92042
4.92042
4.9131
4.9131
4.92627
4.92627
4.92383
4.92383
4.9131
4.9131
4.91798
4.91798
4.91407
4.91407
4.91602
4.91602
4.917
4.917
4.91602
4.91602
4.91895
4.91895
4.91456
4.91456
4.92286
4.92286
4.92237
4.92237
4.91798
4.91798
4.91163
4.91163
4.92822
4.92822
4.91407
4.91407
4.90968
4.90968
4.92481
4.92481
4.92676
4.92676
4.91505
4.91505
4.92481
4.92481
4.9209
4.9209
4.91212
4.91212
4.9131
4.9131
4.91895
4.91895
4.91895
4.91895
4.92627
4.92627
4.92286
4.92286
4.91602
4.91602
4.93018
4.93018
4.92871
4.92871
4.88674
4.88674
4.92578
4.92578
4.9292
4.9292
4.92774
4.92774
4.89846
4.89846
4.91505
4.91505
4.97019
4.97019
4.88626
4.88626
4.90773
4.90773
4.94579
4.94579
4.92383
4.92383
4.91114
4.91114
4.91749
4.91749
4.91456
4.91456
4.9292
4.9292
4.9209
4.9209
4.9209
4.9209
4.91895
4.91895
4.90919
4.90919
4.91456
4.91456
4.9253
4.9253
4.91895
4.91895
4.91456
4.91456
4.91651
4.91651
4.9292
4.9292
4.92237
4.92237
4.90138
4.90138
4.9292
4.9292
4.91651
4.91651
4.92286
4.92286
4.93262
4.93262
4.92432
4.92432
4.92237
4.92237
4.917
4.917
4.9131
4.9131
4.91407
4.91407
4.92042
4.92042
4.90822
4.90822
4.92334
4.92334
4.92578
4.92578
4.9253
4.9253
4.91358
4.91358
4.92139
4.92139
4.9087
4.9087
4.91602
4.91602
4.92139
4.92139
4.91554
4.91554
4.917
4.917
4.92237
4.92237
4.92188
4.92188
4.9331
4.9331
4.91749
4.91749
4.90822
4.90822
4.92578
4.92578
4.92822
4.92822
4.91944
4.91944
4.91602
4.91602
4.91846
4.91846
4.93506
4.93506
4.91358
4.91358
4.917
4.917
4.92042
4.92042
4.92383
4.92383
4.9131
4.9131
4.91114
4.91114
4.91846
4.91846
4.917
4.917
4.91651
4.91651
4.91846
4.91846
4.92042
4.92042
4.91212
4.91212
4.91846
4.91846
4.917
4.917
4.91261
4.91261
4.92334
4.92334
4.92334
4.92334
4.91407
4.91407
4.92042
4.92042
4.92822
4.92822
4.91651
4.91651
4.91993
4.91993
4.92432
4.92432
4.91066
4.91066
5.17466
5.17466
7.46094
7.46094
7.24134
7.24134
4.69935
4.69935
3.3188
3.3188
5.23615
5.23615
6.58108
6.58108
4.43632
4.43632
5.0756
5.0756
4.87064
4.87064
4.45779
4.45779
3.8883
3.8883
3.94198
3.94198
3.66967
3.66967
3.85462
3.85462
4.16597
4.16597
4.96336
4.96336
4.63494
4.63494
5.00874
5.00874
4.91066
4.91066
4.60322
4.60322
4.8804
4.8804
5.59434
5.59434
5.50016
5.50016
5.39134
5.39134
4.93018
4.93018
4.77646
4.77646
4.69691
4.69691
4.62713
4.62713
4.85698
4.85698
4.28553
4.28553
4.6525
4.6525
3.58378
3.58378
4.59346
4.59346
4.30602
4.30602
4.86966
4.86966
4.54173
4.54173
4.82282
4.82282
5.04876
5.04876
4.69496
4.69496
4.76523
4.76523
4.91798
4.91798
5.37182
5.37182
5.32399
5.32399
5.05657
5.05657
4.87845
4.87845
4.97556
4.97556
4.73254
4.73254
4.49683
4.49683
4.63689
4.63689
4.85014
4.85014
4.63738
4.63738
4.45291
4.45291
4.15328
4.15328
4.50708
4.50708
4.70814
4.70814
4.49781
4.49781
4.61932
4.61932
4.94335
4.94335
4.97458
4.97458
4.75157
4.75157
4.76133
4.76133
5.1083
5.1083
5.51529
5.51529
5.53237
5.53237
5.0634
5.0634
4.90773
4.90773
4.97166
4.97166
4.5793
4.5793
4.56613
4.56613
4.90724
4.90724
5.20297
5.20297
4.84234
4.84234
4.66763
4.66763
4.30407
4.30407
4.55295
4.55295
4.82184
4.82184
4.9331
4.9331
4.89504
4.89504
4.87698
4.87698
4.89992
4.89992
5.1571
5.1571
5.0839
5.0839
4.93018
4.93018
4.72912
4.72912
4.9658
4.9658
5.21761
5.21761
5.73098
5.73098
5.16832
5.16832
5.15514
5.15514
4.65592
4.65592
4.72034
4.72034
4.74474
4.74474
5.01118
5.01118
4.96434
4.96434
4.88772
4.88772
4.87698
4.87698
4.93066
4.93066
4.79842
4.79842
4.81696
4.81696
4.80427
4.80427
4.88186
4.88186
4.91456
4.91456
5.09658
5.09658
4.83648
4.83648
5.09756
5.09756
4.98776
4.98776
5.01362
5.01362
4.90041
4.90041
4.9292
4.9292
5.18833
5.18833
5.28837
5.28837
5.43916
5.43916
5.09268
5.09268
5.16393
5.16393
4.71741
4.71741
5.06584
5.06584
4.91066
4.91066
4.94238
4.94238
4.87308
4.87308
4.87503
4.87503
4.97166
4.97166
5.18101
5.18101
5.03461
5.03461
4.85454
4.85454
4.75108
4.75108
4.95262
4.95262
5.12733
5.12733
5.00142
5.00142
4.97946
4.97946
4.90334
4.90334
5.1283
5.1283
4.84282
4.84282
5.05754
5.05754
5.06389
5.06389
5.11854
5.11854
4.97751
4.97751
5.23957
5.23957
5.12635
5.12635
5.50406
5.50406
4.9209
4.9209
5.21956
5.21956
5.06389
5.06389
5.00679
5.00679
4.77646
4.77646
4.90822
4.90822
5.00826
5.00826
4.86674
4.86674
5.05266
5.05266
4.85356
4.85356
4.8355
4.8355
4.89406
4.89406
4.95848
4.95848
4.97946
4.97946
4.83892
4.83892
4.94286
4.94286
5.08682
5.08682
4.99166
4.99166
4.87454
4.87454
4.76523
4.76523
4.95067
4.95067
4.86088
4.86088
5.00094
5.00094
4.87698
4.87698
4.88577
4.88577
5.01802
5.01802
4.99264
4.99264
5.03851
5.03851
5.0717
5.0717
5.00045
5.00045
4.88235
4.88235
4.88138
4.88138
4.87796
4.87796
4.94286
4.94286
4.9414
4.9414
4.95555
4.95555
4.88284
4.88284
4.93652
4.93652
4.82184
4.82184
4.86771
4.86771
4.90626
4.90626
4.77841
4.77841
4.94823
4.94823
4.86478
4.86478
4.8033
4.8033
4.8072
4.8072
4.98386
4.98386
4.87064
4.87064
4.56662
4.56662
4.88333
4.88333
4.92578
4.92578
4.80134
4.80134
4.82916
4.82916
4.88333
4.88333
4.85649
4.85649
4.88772
4.88772
4.87503
4.87503
4.79402
4.79402
4.88333
4.88333
4.90041
4.90041
4.90236
4.90236
4.96482
4.96482
4.67837
4.67837
4.88235
4.88235
4.96629
4.96629
5.04778
5.04778
5.04778
5.04778
4.90382
4.90382
4.90675
4.90675
4.91163
4.91163
4.90529
4.90529
4.91944
4.91944
4.91944
4.91944
4.90382
4.90382
4.90675
4.90675
4.91163
4.91163
4.90529
4.90529
4.91944
4.91944
4.88674
4.88674
4.92774
4.92774
4.89358
4.89358
4.92481
4.92481
4.87796
4.87796
4.93506
4.93506
4.89748
4.89748
4.91066
4.91066
4.91261
4.91261
4.91114
4.91114
4.89846
4.89846
4.91944
4.91944
4.88089
4.88089
4.88528
4.88528
4.90041
4.90041
4.93652
4.93652
4.93945
4.93945
4.96336
4.96336
4.9253
4.9253
4.93213
4.93213
4.90919
4.90919
4.91602
4.91602
4.9048
4.9048
4.92578
4.92578
4.89602
4.89602
4.90041
4.90041
4.89309
4.89309
4.92774
4.92774
4.93652
4.93652
4.9497
4.9497
4.93652
4.93652
4.92188
4.92188
4.92822
4.92822
4.91505
4.91505
4.9414
4.9414
4.90626
4.90626
4.91895
4.91895
4.90236
4.90236
4.9009
4.9009
4.89406
4.89406
4.90675
4.90675
4.9253
4.9253
4.9048
4.9048
4.917
4.917
4.94335
4.94335
4.93652
4.93652
4.91895
4.91895
4.93262
4.93262
4.93652
4.93652
4.91749
4.91749
4.92237
4.92237
4.92627
4.92627
4.91066
4.91066
4.91017
4.91017
4.93408
4.93408
4.8965
4.8965
4.89358
4.89358
4.92481
4.92481
4.92139
4.92139
4.90529
4.90529
4.89358
4.89358
4.95018
4.95018
4.90041
4.90041
4.92871
4.92871
4.91212
4.91212
4.92774
4.92774
4.89309
4.89309
4.91749
4.91749
4.92139
4.92139
4.92481
4.92481
4.90138
4.90138
4.93408
4.93408
4.93506
4.93506
4.93506
4.93506
4.92042
4.92042
4.91017
4.91017
4.92432
4.92432
4.9331
4.9331
4.89504
4.89504
4.90968
4.90968
4.8965
4.8965
4.92871
4.92871
4.9292
4.9292
4.90822
4.90822
4.95897
4.95897
4.91261
4.91261
4.91554
4.91554
4.90919
4.90919
4.90968
4.90968
4.88723
4.88723
4.92774
4.92774
4.89846
4.89846
4.89894
4.89894
4.91358
4.91358
4.92432
4.92432
4.90187
4.90187
4.93115
4.93115
4.91212
4.91212
4.91456
4.91456
4.92822
4.92822
4.92237
4.92237
4.90626
4.90626
4.8887
4.8887
4.89602
4.89602
4.90138
4.90138
4.92383
4.92383
4.88089
4.88089
4.91358
4.91358
4.8887
4.8887
4.91407
4.91407
4.89894
4.89894
4.9131
4.9131
4.94579
4.94579
4.88626
4.88626
4.90431
4.90431
4.95262
4.95262
4.9292
4.9292
4.90431
4.90431
4.92481
4.92481
4.91017
4.91017
4.91212
4.91212
4.91407
4.91407
4.91895
4.91895
4.90236
4.90236
4.90919
4.90919
4.89504
4.89504
4.92286
4.92286
4.92286
4.92286
4.91066
4.91066
4.92383
4.92383
4.90626
4.90626
4.9087
4.9087
4.92042
4.92042
4.91846
4.91846
4.91944
4.91944
4.90724
4.90724
4.90822
4.90822
4.9009
4.9009
4.90675
4.90675
4.90968
4.90968
4.87942
4.87942
4.92969
4.92969
4.91554
4.91554
4.91163
4.91163
4.88577
4.88577
4.92139
4.92139
4.91212
4.91212
4.92871
4.92871
4.89797
4.89797
4.89211
4.89211
4.90919
4.90919
4.92383
4.92383
4.88528
4.88528
4.89114
4.89114
4.92042
4.92042
4.89065
4.89065
4.95214
4.95214
4.90285
4.90285
4.93847
4.93847
4.96434
4.96434
4.92822
4.92822
4.92676
4.92676
4.9375
4.9375
4.93164
4.93164
4.90334
4.90334
4.9209
4.9209
4.92237
4.92237
4.91505
4.91505
4.92725
4.92725
4.89553
4.89553
4.94091
4.94091
4.9131
4.9131
4.89992
4.89992
4.90138
4.90138
4.90138
4.90138
4.91505
4.91505
4.92774
4.92774
4.90041
4.90041
4.92871
4.92871
4.89748
4.89748
4.93652
4.93652
4.90431
4.90431
4.90529
4.90529
4.9331
4.9331
4.88382
4.88382
4.92139
4.92139
4.91456
4.91456
4.89797
4.89797
4.94628
4.94628
4.90822
4.90822
4.90187
4.90187
4.89846
4.89846
4.94628
4.94628
4.88333
4.88333
4.93945
4.93945
4.89797
4.89797
4.93798
4.93798
4.8965
4.8965
4.90968
4.90968
4.90724
4.90724
4.89016
4.89016
4.93603
4.93603
4.93652
4.93652
4.90138
4.90138
4.90773
4.90773
4.95262
4.95262
4.90578
4.90578
4.917
4.917
4.91358
4.91358
4.93115
4.93115
4.91261
4.91261
4.91798
4.91798
4.92188
4.92188
4.90334
4.90334
4.91456
4.91456
4.90236
4.90236
4.91066
4.91066
4.90236
4.90236
4.92481
4.92481
4.9292
4.9292
4.90334
4.90334
4.92627
4.92627
4.93554
4.93554
4.92237
4.92237
4.88674
4.88674
4.93994
4.93994
4.90138
4.90138
4.92969
4.92969
4.92627
4.92627
4.91798
4.91798
4.90822
4.90822
4.89553
4.89553
4.94921
4.94921
4.90626
4.90626
4.90529
4.90529
4.90431
4.90431
4.9009
4.9009
4.92334
4.92334
4.91017
4.91017
4.92432
4.92432
4.91066
4.91066
4.88674
4.88674
4.91017
4.91017
4.90773
4.90773
4.91212
4.91212
4.89162
4.89162
4.89846
4.89846
4.92334
4.92334
4.92871
4.92871
4.91114
4.91114
4.91993
4.91993
4.92725
4.92725
4.91798
4.91798
4.88577
4.88577
4.94335
4.94335
4.89358
4.89358
4.92481
4.92481
4.88821
4.88821
4.92969
4.92969
4.89943
4.89943
4.90724
4.90724
4.91602
4.91602
4.91407
4.91407
4.89992
4.89992
4.94579
4.94579
4.88821
4.88821
4.91554
4.91554
4.90626
4.90626
4.91456
4.91456
4.91749
4.91749
4.89992
4.89992
4.917
4.917
4.91895
4.91895
4.89992
4.89992
4.91114
4.91114
4.92237
4.92237
4.93213
4.93213
4.92139
4.92139
4.9292
4.9292
4.89358
4.89358
4.92676
4.92676
4.93359
4.93359
4.90236
4.90236
4.93408
4.93408
4.91456
4.91456
4.89016
4.89016
4.91944
4.91944
4.9375
4.9375
4.89406
4.89406
4.91749
4.91749
4.92042
4.92042
4.89504
4.89504
4.91358
4.91358
4.9536
4.9536
4.91895
4.91895
4.89114
4.89114
4.9087
4.9087
4.93554
4.93554
4.91651
4.91651
4.90724
4.90724
4.917
4.917
4.90529
4.90529
4.90578
4.90578
4.92237
4.92237
4.91114
4.91114
4.90382
4.90382
4.93115
4.93115
4.92969
4.92969
4.91066
4.91066
4.91895
4.91895
4.91261
4.91261
4.89748
