3.96855
3.96855
3.96855
3.96855
3.96855
3.96855
3.96855
3.96855
3.96855
3.96855
3.96855
3.96855
3.96855
3.96855
3.96855
3.96855
3.96855
3.96855
3.96855
3.96855
3.96855
3.96855
3.96855
3.96855
3.96855
3.96855
3.96855
3.96855
3.96855
3.96855
3.96855
3.96855
3.96855
3.96855
3.96855
3.96855
3.96855
3.96855
3.96855
3.96855
3.96855
3.96855
3.96855
3.96855
3.96855
3.96855
3.96855
3.96855
3.96855
3.96855
3.96855
3.96855
3.96855
3.96855
3.96855
3.96855
3.96855
3.96855
3.96855
3.96855
3.96855
3.96855
3.96855
3.96855
3.96855
3.96855
3.96855
3.96855
3.96855
3.96855
3.96855
3.96855
3.96855
3.96855
3.96855
3.96855
3.96855
3.96855
3.96855
3.96855
3.96855
3.96855
3.96855
3.96855
3.96855
3.96855
3.96855
3.96855
3.96855
3.96855
3.96855
3.96855
3.96855
3.96855
3.96855
3.96855
3.96855
3.96855
3.96855
3.96855
3.96855
3.96855
3.96855
3.96855
3.96855
3.96855
3.96855
3.96855
3.96855
3.96855
3.96855
3.96855
3.96855
3.96855
3.96855
3.96855
3.96855
3.96855
3.96855
3.96855
3.96855
3.96855
3.96855
3.96855
3.96855
3.96855
3.96855
3.96855
3.96855
3.96855
3.96855
3.96855
3.96855
3.96855
3.96855
3.96855
3.96855
3.96855
3.96855
3.96855
3.96855
3.96855
3.96855
3.96855
3.96855
3.96855
3.96855
3.96855
3.96855
3.96855
3.96855
3.96855
3.96855
3.96855
3.96855
3.96855
3.96855
3.96855
3.96855
3.96855
3.96855
3.96855
3.96855
3.96855
3.96855
3.96855
3.96855
3.96855
3.96855
3.96855
3.96855
3.96855
3.96855
3.96855
3.96855
3.96855
3.96855
3.96855
3.96855
3.96855
3.96855
3.96855
3.96855
3.96855
3.96855
3.96855
3.96855
3.96855
3.96855
3.96855
3.96855
3.96855
3.96855
3.96855
3.96855
3.96855
3.96855
3.96855
3.96855
3.96855
3.96855
3.96855
3.96855
3.96855
3.96855
3.96855
3.96855
3.96855
3.96855
3.96855
3.96855
3.96855
3.96855
3.96855
3.96855
3.96855
3.96855
3.96855
3.96855
3.96855
3.96855
3.96855
3.96855
3.96855
3.96855
3.96855
3.96855
3.96855
3.96855
3.96855
3.96855
3.96855
3.96855
3.96855
3.96855
3.96855
3.96855
3.96855
3.96855
3.96855
3.96855
3.96855
3.96855
3.96855
3.96855
3.96855
3.96855
3.96855
3.96855
3.96855
3.96855
3.96855
3.96855
3.96855
3.96855
3.96855
3.96855
3.96855
3.96855
3.96855
3.96855
3.96855
3.96855
3.96855
3.96855
3.96855
3.96855
3.96855
3.96855
3.96855
3.96855
3.96855
3.96855
3.96855
3.96855
3.96855
3.96855
3.96855
3.96855
3.96855
3.96855
3.96855
3.96855
3.96855
3.96855
3.96855
3.96855
3.96855
3.96855
3.96855
3.96855
3.96855
3.96855
3.96855
3.96855
3.96855
3.96855
3.96855
3.96855
3.96855
3.96855
3.96855
3.96855
3.96855
3.96855
3.96855
3.96855
3.96855
3.96855
3.96855
3.96855
3.96855
3.96855
3.96855
3.96855
3.96855
3.96855
3.96855
3.96855
3.96855
3.96855
3.96855
3.96855
3.96855
3.96855
3.96855
3.96855
3.96855
3.96855
3.96855
3.96855
3.96855
3.96855
3.96855
3.96855
3.96855
3.96855
3.96855
3.96855
3.96855
3.96855
3.96855
3.96855
3.96855
3.96855
3.96855
3.96855
3.96855
3.96855
3.96855
3.96855
3.96855
3.96855
3.96855
3.96855
3.96855
3.96855
3.96855
3.96855
3.96855
3.96855
3.96855
3.96855
3.96855
3.96855
3.96855
3.96855
3.96855
3.96855
3.96855
3.96855
3.96855
3.96855
3.96855
3.96855
3.96855
3.96855
3.96855
3.96855
3.96855
3.96855
3.96855
3.96855
3.96855
3.96855
3.96855
3.96855
3.96855
3.96855
3.96855
3.96855
3.96855
3.96855
3.96855
3.96855
3.96855
3.96855
3.96855
3.96855
3.96855
3.96855
3.96855
3.96855
3.96855
3.96855
3.96855
3.96855
3.96855
3.96855
3.96855
3.96855
3.96855
3.96855
3.96855
3.96855
3.96855
3.96855
3.96855
3.96855
3.96855
3.96855
3.96855
3.96855
3.96855
3.96855
3.96855
3.96855
3.96855
3.96855
3.96855
3.96855
3.96855
3.96855
3.96855
3.96855
3.96855
3.96855
3.96855
3.96855
3.96855
3.96855
3.96855
3.96855
3.96855
3.96855
3.96855
3.96855
3.96855
3.96855
3.96855
3.96855
3.96855
3.96855
3.96855
3.96855
3.96855
3.96855
3.96855
3.96855
3.96855
3.96855
3.96855
3.96855
3.96855
3.96855
3.96855
3.96855
3.96855
3.96855
3.96855
3.96855
3.96855
6.96895
6.96895
3.96855
3.96855
6.96893
6.96893
3.96854
3.96854
6.37866
6.37866
3.96852
3.96852
5.49082
5.49082
3.96851
3.96851
4.89555
4.89555
3.9685
3.9685
3.9685
3.9685
3.9685
3.9685
3.9685
3.9685
3.96849
3.96849
3.96849
3.96849
3.96849
3.96849
3.96849
3.96849
6.96891
6.96891
3.96848
3.96848
6.96889
6.96889
3.96846
3.96846
6.37865
6.37865
3.96845
3.96845
6.37863
6.37863
3.96844
3.96844
5.79265
5.79265
3.96842
3.96842
5.49079
5.49079
5.49078
5.49078
5.49077
5.49077
4.89553
4.89553
4.89552
4.89552
3.96838
3.96838
4.8955
4.8955
3.96838
3.96838
6.96887
6.96887
3.96836
3.96836
6.08489
6.08489
3.96835
3.96835
6.37861
6.37861
3.96834
3.96834
6.37859
6.37859
3.96833
3.96833
6.37856
6.37856
3.96832
3.96832
5.79261
5.79261
3.96832
3.96832
5.49076
5.49076
3.96832
3.96832
5.19342
5.19342
5.19341
5.19341
4.89548
4.89548
4.89548
4.89548
3.96829
3.96829
4.89546
4.89546
3.96828
3.96828
6.08488
6.08488
3.96826
3.96826
6.08485
6.08485
3.96825
3.96825
6.08484
6.08484
3.96824
3.96824
6.08481
6.08481
3.96822
3.96822
5.79259
5.79259
3.96821
3.96821
5.49074
5.49074
3.9682
3.9682
5.49072
5.49072
3.96818
3.96818
5.1934
5.1934
3.96817
3.96817
3.96817
3.96817
3.96816
3.96816
3.96816
3.96816
3.96816
3.96816
6.08479
6.08479
3.96815
3.96815
6.08477
6.08477
3.96813
3.96813
6.08475
6.08475
3.96812
3.96812
6.08472
6.08472
3.9681
3.9681
6.0847
6.0847
3.96809
3.96809
5.4907
5.4907
3.96808
3.96808
5.49068
5.49068
3.96807
3.96807
5.49065
5.49065
3.96806
3.96806
5.49063
5.49063
3.96804
3.96804
6.37847
6.37847
3.96803
3.96803
6.37845
6.37845
3.96801
3.96801
6.37842
6.37842
3.96799
3.96799
6.37839
6.37839
3.96799
3.96799
5.79255
5.79255
3.96799
3.96799
5.79252
5.79252
3.96799
3.96799
5.7925
5.7925
3.96799
3.96799
5.79248
5.79248
3.96798
3.96798
5.49061
5.49061
3.96797
3.96797
5.49059
5.49059
3.96796
3.96796
5.49057
5.49057
3.96795
3.96795
5.49055
5.49055
3.96794
3.96794
5.49053
5.49053
3.96794
3.96794
5.49051
5.49051
3.96794
3.96794
5.49049
5.49049
3.96794
3.96794
5.49047
5.49047
3.96792
3.96792
5.49045
5.49045
3.96791
3.96791
5.49043
5.49043
3.9679
3.9679
5.4904
5.4904
3.96789
3.96789
5.49038
5.49038
3.96789
3.96789
5.49036
5.49036
3.96789
3.96789
5.49034
5.49034
3.96789
3.96789
5.49032
5.49032
3.96789
3.96789
5.4903
5.4903
3.96787
3.96787
5.49028
5.49028
3.96786
3.96786
5.49027
5.49027
3.96785
3.96785
5.49025
5.49025
3.96785
3.96785
5.49023
5.49023
3.96784
3.96784
5.49021
5.49021
3.96784
3.96784
5.49019
5.49019
3.96784
3.96784
5.49016
5.49016
3.96784
3.96784
5.49014
5.49014
3.96784
3.96784
5.49012
5.49012
3.96783
3.96783
5.4901
5.4901
3.96783
3.96783
5.49008
5.49008
3.96783
3.96783
5.49007
5.49007
3.96783
3.96783
5.49005
5.49005
3.96783
3.96783
5.49003
5.49003
3.96781
3.96781
5.49001
5.49001
3.9678
3.9678
5.48999
5.48999
3.96779
3.96779
5.48997
5.48997
3.96778
3.96778
5.48995
5.48995
3.96776
3.96776
5.48993
5.48993
3.96775
3.96775
5.48991
5.48991
3.96774
3.96774
5.48989
5.48989
3.96772
3.96772
5.48987
5.48987
3.96771
3.96771
5.48985
5.48985
3.9677
3.9677
5.48983
5.48983
3.96769
3.96769
5.48981
5.48981
5.48981
5.48981
3.96589
3.96589
5.48706
5.48706
3.96587
3.96587
5.48704
5.48704
3.96586
3.96586
3.96586
3.96586
3.96589
3.96589
5.48706
5.48706
3.96587
3.96587
5.48704
5.48704
3.96586
3.96586
5.48702
5.48702
3.96585
3.96585
5.487
5.487
3.96583
3.96583
5.48698
5.48698
3.96582
3.96582
5.48696
5.48696
3.96581
3.96581
5.48694
5.48694
3.9658
3.9658
5.48692
5.48692
3.96578
3.96578
5.4869
5.4869
3.96577
3.96577
5.48688
5.48688
3.96576
3.96576
5.48686
5.48686
3.96574
3.96574
5.48684
5.48684
3.96573
3.96573
5.48682
5.48682
3.96572
3.96572
5.4868
5.4868
3.9657
3.9657
5.48678
5.48678
3.96569
3.96569
5.48676
5.48676
3.96568
3.96568
5.48674
5.48674
3.96566
3.96566
5.48672
5.48672
3.96565
3.96565
5.4867
5.4867
3.96564
3.96564
5.48668
5.48668
3.96563
3.96563
5.48666
5.48666
3.96561
3.96561
5.48664
5.48664
3.9656
3.9656
5.48662
5.48662
3.96559
3.96559
5.4866
5.4866
3.96557
3.96557
5.48658
5.48658
3.96556
3.96556
5.48656
5.48656
3.96555
3.96555
5.48654
5.48654
3.96553
3.96553
5.48652
5.48652
3.96552
3.96552
5.4865
5.4865
3.96551
3.96551
5.48648
5.48648
3.96549
3.96549
5.48646
5.48646
3.96548
3.96548
5.48644
5.48644
3.96547
3.96547
5.48642
5.48642
3.96546
3.96546
5.4864
5.4864
3.96544
3.96544
5.48638
5.48638
3.96543
3.96543
5.48636
5.48636
3.96542
3.96542
5.48634
5.48634
3.9654
3.9654
5.48632
5.48632
3.96539
3.96539
5.4863
5.4863
3.96538
3.96538
5.48628
5.48628
3.96536
3.96536
5.48626
5.48626
3.96535
3.96535
5.48624
5.48624
3.96534
3.96534
5.48622
5.48622
3.96533
3.96533
5.4862
5.4862
3.96531
3.96531
5.48618
5.48618
3.9653
3.9653
5.48616
5.48616
3.96529
3.96529
5.48614
5.48614
3.96527
3.96527
5.48612
5.48612
3.96526
3.96526
5.4861
5.4861
3.96525
3.96525
5.48608
5.48608
3.96523
3.96523
5.48606
5.48606
3.96522
3.96522
5.48604
5.48604
3.96521
3.96521
5.48602
5.48602
3.96519
3.96519
5.486
5.486
3.96518
3.96518
5.48598
5.48598
3.96517
3.96517
5.48596
5.48596
3.96516
3.96516
5.48594
5.48594
3.96514
3.96514
5.48592
5.48592
3.96513
3.96513
5.4859
5.4859
3.96512
3.96512
5.48588
5.48588
3.9651
3.9651
5.48586
5.48586
3.96509
3.96509
5.48584
5.48584
3.96508
3.96508
5.48582
5.48582
3.96506
3.96506
5.4858
5.4858
3.96505
3.96505
5.48578
5.48578
3.96504
3.96504
5.48576
5.48576
3.96502
3.96502
5.48574
5.48574
3.96501
3.96501
5.48572
5.48572
3.965
3.965
5.4857
5.4857
3.96499
3.96499
5.48568
5.48568
3.96497
3.96497
5.48566
5.48566
3.96496
3.96496
5.48564
5.48564
3.96495
3.96495
5.48562
5.48562
3.96493
3.96493
5.4856
5.4856
3.96492
3.96492
5.48558
5.48558
3.96491
3.96491
5.48556
5.48556
3.96489
3.96489
5.48554
5.48554
3.96488
3.96488
5.48552
5.48552
3.96487
3.96487
5.4855
5.4855
3.96486
3.96486
5.48548
5.48548
3.96484
3.96484
5.48546
5.48546
3.96483
3.96483
5.48544
5.48544
3.96482
3.96482
5.48542
5.48542
3.9648
3.9648
5.4854
5.4854
3.96479
3.96479
5.48538
5.48538
3.96478
3.96478
5.48536
5.48536
3.96476
3.96476
5.48534
5.48534
3.96475
3.96475
5.48532
5.48532
3.96474
3.96474
5.4853
5.4853
3.96472
3.96472
5.48528
5.48528
3.96471
3.96471
5.48526
5.48526
3.9647
3.9647
5.48524
5.48524
3.96469
3.96469
5.48522
5.48522
3.96467
3.96467
5.4852
5.4852
3.96466
3.96466
5.48518
5.48518
3.96465
3.96465
5.48516
5.48516
3.96463
3.96463
5.48514
5.48514
3.96462
3.96462
5.48512
5.48512
3.96461
3.96461
5.4851
5.4851
3.96459
3.96459
5.48508
5.48508
3.96458
3.96458
5.48506
5.48506
3.96457
3.96457
5.48504
5.48504
3.96455
3.96455
5.48502
5.48502
3.96454
3.96454
5.485
5.485
3.96453
3.96453
5.48498
5.48498
3.96452
3.96452
5.48496
5.48496
3.9645
3.9645
5.48494
5.48494
3.96449
3.96449
5.48492
5.48492
3.96448
3.96448
5.4849
5.4849
3.96446
3.96446
5.48488
5.48488
3.96445
3.96445
5.48486
5.48486
3.96444
3.96444
5.48484
5.48484
3.96442
3.96442
5.48482
5.48482
3.96441
3.96441
5.4848
5.4848
3.9644
3.9644
5.48478
5.48478
3.96439
3.96439
5.48476
5.48476
3.96437
3.96437
5.48474
5.48474
3.96436
3.96436
5.48472
5.48472
3.96435
3.96435
5.4847
5.4847
3.96433
3.96433
5.48468
5.48468
3.96432
3.96432
5.48466
5.48466
3.96431
3.96431
5.48464
5.48464
3.96429
3.96429
5.48462
5.48462
3.96428
3.96428
5.4846
5.4846
3.96427
3.96427
5.48458
5.48458
3.96425
3.96425
5.48456
5.48456
3.96424
3.96424
5.48454
5.48454
3.96423
3.96423
5.48452
5.48452
3.96422
3.96422
5.4845
5.4845
3.9642
3.9642
5.48448
5.48448
3.96419
3.96419
5.48446
5.48446
3.96418
3.96418
5.48444
5.48444
3.96416
3.96416
5.48442
5.48442
3.96415
3.96415
5.4844
5.4844
3.96414
3.96414
5.48438
5.48438
3.96412
3.96412
5.48436
5.48436
3.96411
3.96411
5.48434
5.48434
3.9641
3.9641
5.48432
5.48432
3.96409
3.96409
5.4843
5.4843
3.96407
3.96407
5.48428
5.48428
3.96406
3.96406
5.48426
5.48426
3.96405
3.96405
5.48424
5.48424
3.96403
3.96403
5.48422
5.48422
3.96402
3.96402
5.4842
5.4842
3.96401
3.96401
5.48418
5.48418
3.96399
3.96399
5.48416
5.48416
3.96398
3.96398
5.48414
5.48414
3.96397
3.96397
5.48412
5.48412
3.96395
3.96395
5.4841
5.4841
3.96394
3.96394
5.48408
5.48408
3.96393
3.96393
5.48406
5.48406
3.96392
3.96392
5.48404
5.48404
3.9639
3.9639
5.48402
5.48402
3.96389
3.96389
5.484
5.484
3.96388
3.96388
5.48398
5.48398
3.96386
3.96386
5.48396
5.48396
3.96385
3.96385
5.48394
5.48394
3.96384
3.96384
5.48392
5.48392
3.96382
