6.95279e-310
6.95279e-310
4.81794
4.81794
4.81794
4.81794
4.81208
4.81208
4.81696
4.81696
4.8155
4.8155
4.81745
4.81745
4.81794
4.81794
4.80866
4.80866
4.81403
4.81403
4.81891
4.81891
4.8155
4.8155
4.80964
4.80964
4.82623
4.82623
4.81354
4.81354
4.81354
4.81354
4.8155
4.8155
4.81306
4.81306
4.81647
4.81647
4.81452
4.81452
4.81794
4.81794
4.81306
4.81306
4.81403
4.81403
4.82428
4.82428
4.81598
4.81598
4.81696
4.81696
4.81013
4.81013
4.81842
4.81842
4.81598
4.81598
4.81062
4.81062
4.8194
4.8194
4.81403
4.81403
4.81891
4.81891
4.81257
4.81257
4.81062
4.81062
4.8477
4.8477
4.80427
4.80427
4.82867
4.82867
4.80378
4.80378
4.82379
4.82379
4.82818
4.82818
4.81306
4.81306
4.79988
4.79988
4.82574
4.82574
4.82574
4.82574
4.80818
4.80818
4.81306
4.81306
4.8194
4.8194
4.81989
4.81989
4.81013
4.81013
4.81013
4.81013
4.82135
4.82135
4.81891
4.81891
4.81013
4.81013
4.81257
4.81257
4.80769
4.80769
4.81794
4.81794
4.80769
4.80769
4.81696
4.81696
4.82086
4.82086
4.81842
4.81842
4.82038
4.82038
4.81257
4.81257
4.8194
4.8194
4.81989
4.81989
4.81647
4.81647
4.8155
4.8155
4.80866
4.80866
4.81891
4.81891
4.81598
4.81598
4.81354
4.81354
4.81208
4.81208
4.81842
4.81842
4.81745
4.81745
4.81257
4.81257
4.8194
4.8194
4.81647
4.81647
4.81989
4.81989
4.81062
4.81062
4.81647
4.81647
4.82086
4.82086
4.81842
4.81842
4.81062
4.81062
4.8155
4.8155
4.81989
4.81989
4.80866
4.80866
4.81842
4.81842
4.81306
4.81306
4.81159
4.81159
4.81696
4.81696
4.8155
4.8155
4.8155
4.8155
4.81062
4.81062
4.82233
4.82233
4.81501
4.81501
4.8155
4.8155
4.80964
4.80964
4.80671
4.80671
4.81696
4.81696
4.82184
4.82184
4.80622
4.80622
4.82038
4.82038
4.8155
4.8155
4.81452
4.81452
4.81647
4.81647
4.8155
4.8155
4.8277
4.8277
4.81403
4.81403
4.81501
4.81501
4.82379
4.82379
4.82867
4.82867
4.79402
4.79402
4.85356
4.85356
4.77743
4.77743
4.82867
4.82867
4.80622
4.80622
4.81208
4.81208
4.82428
4.82428
4.81989
4.81989
4.80281
4.80281
4.82282
4.82282
4.81696
4.81696
4.81062
4.81062
4.82428
4.82428
4.81354
4.81354
4.81696
4.81696
4.81306
4.81306
4.8072
4.8072
4.82721
4.82721
4.80818
4.80818
4.8111
4.8111
4.82038
4.82038
4.80866
4.80866
4.81647
4.81647
4.81598
4.81598
4.80769
4.80769
4.82135
4.82135
4.80622
4.80622
4.81354
4.81354
4.81257
4.81257
4.80915
4.80915
4.82233
4.82233
4.81842
4.81842
4.81452
4.81452
4.81891
4.81891
4.81989
4.81989
4.82526
4.82526
4.8194
4.8194
4.80866
4.80866
4.81452
4.81452
4.81745
4.81745
4.80476
4.80476
4.81696
4.81696
4.81257
4.81257
4.82428
4.82428
4.83697
4.83697
4.81696
4.81696
4.81794
4.81794
4.81062
4.81062
4.81598
4.81598
4.82867
4.82867
4.81159
4.81159
4.7989
4.7989
4.82184
4.82184
4.82233
4.82233
4.80671
4.80671
4.77841
4.77841
4.83209
4.83209
4.78085
4.78085
4.83453
4.83453
4.8072
4.8072
4.79354
4.79354
4.86869
4.86869
4.82184
4.82184
4.8111
4.8111
4.81452
4.81452
4.82086
4.82086
4.81403
4.81403
4.81989
4.81989
4.79939
4.79939
4.81403
4.81403
4.82818
4.82818
4.80427
4.80427
4.81013
4.81013
4.83355
4.83355
4.81354
4.81354
4.81208
4.81208
4.81598
4.81598
4.81159
4.81159
4.81842
4.81842
4.82672
4.82672
4.81306
4.81306
4.80574
4.80574
4.83697
4.83697
4.77987
4.77987
4.81745
4.81745
4.79549
4.79549
4.85502
4.85502
4.82818
4.82818
4.81257
4.81257
4.795
4.795
4.81842
4.81842
4.82428
4.82428
4.79061
4.79061
4.82574
4.82574
4.77938
4.77938
4.82818
4.82818
4.81452
4.81452
4.80037
4.80037
4.80622
4.80622
4.83209
4.83209
4.82379
4.82379
4.81257
4.81257
4.82379
4.82379
4.90138
4.90138
4.75059
4.75059
4.79842
4.79842
4.79402
4.79402
7.97676
7.97676
9.11478
9.11478
4.07471
4.07471
3.47008
3.47008
5.48601
5.48601
6.30146
6.30146
3.67504
3.67504
6.37856
6.37856
4.73449
4.73449
4.76377
4.76377
3.8434
3.8434
4.06837
4.06837
3.95466
3.95466
3.72921
3.72921
3.57402
3.57402
4.41875
4.41875
4.28406
4.28406
3.61648
3.61648
4.63445
4.63445
4.98581
4.98581
4.33335
4.33335
4.3031
4.3031
4.51538
4.51538
4.88821
4.88821
5.222
5.222
4.31774
4.31774
4.13181
4.13181
4.67739
4.67739
4.63933
4.63933
4.36751
4.36751
4.31237
4.31237
4.1523
4.1523
4.23673
4.23673
4.31432
4.31432
4.34018
4.34018
4.64323
4.64323
4.75742
4.75742
4.66763
4.66763
4.41534
4.41534
4.70228
4.70228
4.94042
4.94042
4.76914
4.76914
4.40655
4.40655
5.06682
5.06682
5.27373
5.27373
4.73302
4.73302
4.63201
4.63201
5.17564
5.17564
5.05169
5.05169
4.53831
4.53831
4.68422
4.68422
5.24054
5.24054
4.85746
4.85746
4.84331
4.84331
4.98922
4.98922
4.86625
4.86625
4.74083
4.74083
4.93994
4.93994
5.11171
5.11171
5.21468
5.21468
5.06633
5.06633
4.67007
4.67007
4.74083
4.74083
5.23664
5.23664
5.28642
5.28642
5.17564
5.17564
4.87991
4.87991
5.10878
5.10878
5.14002
5.14002
5.3479
5.3479
4.97068
4.97068
5.06535
5.06535
4.8804
4.8804
5.08438
5.08438
4.98971
4.98971
4.76718
4.76718
4.48805
4.48805
5.04339
5.04339
5.23274
5.23274
5.39378
5.39378
5.0146
5.0146
4.81257
4.81257
4.86186
4.86186
4.95506
4.95506
4.94726
4.94726
5.02338
5.02338
5.1649
5.1649
5.1244
5.1244
4.94628
4.94628
4.68422
4.68422
4.84038
4.84038
4.83941
4.83941
4.9292
4.9292
4.91114
4.91114
4.83794
4.83794
4.74425
4.74425
4.59687
4.59687
4.68276
4.68276
4.85454
4.85454
4.90529
4.90529
4.82526
4.82526
4.64811
4.64811
4.65446
4.65446
4.5837
4.5837
4.70716
4.70716
4.72375
4.72375
4.84917
4.84917
4.69691
4.69691
4.54758
4.54758
4.7013
4.7013
4.64372
4.64372
4.7301
4.7301
4.77402
4.77402
4.64958
4.64958
4.55637
4.55637
4.68618
4.68618
4.70033
4.70033
4.75742
4.75742
4.63982
4.63982
4.76279
4.76279
4.76377
4.76377
4.60273
4.60273
4.55783
4.55783
4.64128
4.64128
4.7745
4.7745
4.76377
4.76377
4.67886
4.67886
4.66275
4.66275
4.62957
4.62957
4.6974
4.6974
4.69691
4.69691
4.71253
4.71253
4.72473
4.72473
4.69496
4.69496
4.5427
4.5427
4.80281
4.80281
4.79402
4.79402
4.7462
4.7462
4.64323
4.64323
4.62469
4.62469
4.81647
4.81647
4.76279
4.76279
4.77109
4.77109
4.68032
4.68032
4.74522
4.74522
4.75645
4.75645
4.86234
4.86234
4.78817
4.78817
4.78914
4.78914
4.91114
4.91114
4.86039
4.86039
4.76474
4.76474
4.84526
4.84526
4.79012
4.79012
4.85258
4.85258
4.86869
4.86869
4.78085
4.78085
5.01753
5.01753
4.85161
4.85161
4.89797
4.89797
5.00142
5.00142
4.82428
4.82428
4.79305
4.79305
5.02826
5.02826
4.84478
4.84478
4.88723
4.88723
4.88138
4.88138
5.08097
5.08097
4.89894
4.89894
4.96482
4.96482
4.71936
4.71936
4.83697
4.83697
4.9375
4.9375
4.97995
4.97995
4.90382
4.90382
4.80866
4.80866
4.78866
4.78866
4.84966
4.84966
4.83453
4.83453
4.8643
4.8643
4.93115
4.93115
4.88479
4.88479
4.95018
4.95018
4.77158
4.77158
4.83941
4.83941
4.83014
4.83014
4.84575
4.84575
4.99703
4.99703
4.85112
4.85112
4.92578
4.92578
4.63396
4.63396
4.90236
4.90236
4.92139
4.92139
4.8765
4.8765
4.81794
4.81794
4.71448
4.71448
4.87454
4.87454
4.93018
4.93018
4.71985
4.71985
4.77694
4.77694
4.71155
4.71155
4.83941
4.83941
4.70716
4.70716
4.74962
4.74962
4.8277
4.8277
4.80915
4.80915
4.73205
4.73205
4.81452
4.81452
4.6852
4.6852
4.96531
4.96531
4.68666
4.68666
4.74376
4.74376
4.71985
4.71985
4.69008
4.69008
4.69008
4.69008
4.78817
4.78817
4.8155
4.8155
4.77841
4.77841
4.78426
4.78426
4.80134
4.80134
4.80134
4.80134
4.78817
4.78817
4.8155
4.8155
4.77841
4.77841
4.78426
4.78426
4.80134
4.80134
4.81013
4.81013
4.795
4.795
4.81062
4.81062
4.81403
4.81403
4.80232
4.80232
4.81647
4.81647
4.79354
4.79354
4.79354
4.79354
4.80818
4.80818
4.7989
4.7989
4.795
4.795
4.82379
4.82379
4.7623
4.7623
4.80281
4.80281
4.79646
4.79646
4.81891
4.81891
4.78134
4.78134
4.82038
4.82038
4.78963
4.78963
4.80183
4.80183
4.77597
4.77597
4.83648
4.83648
4.8155
4.8155
4.79451
4.79451
4.8155
4.8155
4.85014
4.85014
4.79012
4.79012
4.79646
4.79646
4.83892
4.83892
4.79646
4.79646
4.83404
4.83404
4.82623
4.82623
4.78573
4.78573
4.80622
4.80622
4.82526
4.82526
4.77304
4.77304
4.83258
4.83258
4.79158
4.79158
4.81891
4.81891
4.82233
4.82233
4.81306
4.81306
4.83746
4.83746
4.77402
4.77402
4.80915
4.80915
4.82867
4.82867
4.80281
4.80281
4.79451
4.79451
4.80964
4.80964
4.80622
4.80622
4.78085
4.78085
4.85893
4.85893
4.795
4.795
4.80134
4.80134
4.80037
4.80037
4.8277
4.8277
4.79939
4.79939
4.7911
4.7911
4.81794
4.81794
