6.95279e-310
6.95279e-310
3.99544
3.99544
3.99544
3.99544
3.99544
3.99544
3.99544
3.99544
3.99544
3.99544
3.99544
3.99544
3.99544
3.99544
3.99544
3.99544
3.99544
3.99544
3.99544
3.99544
3.99544
3.99544
3.99544
3.99544
3.99544
3.99544
3.99544
3.99544
3.99544
3.99544
3.99544
3.99544
3.99544
3.99544
3.99544
3.99544
3.99544
3.99544
3.99544
3.99544
3.99544
3.99544
3.99544
3.99544
3.99544
3.99544
3.99543
3.99543
3.99543
3.99543
3.99543
3.99543
3.99543
3.99543
3.99543
3.99543
3.99543
3.99543
3.99543
3.99543
3.99543
3.99543
3.99543
3.99543
3.99543
3.99543
3.99543
3.99543
3.99543
3.99543
3.99543
3.99543
3.99543
3.99543
3.99543
3.99543
3.99543
3.99543
3.99543
3.99543
3.99543
3.99543
3.99543
3.99543
3.99543
3.99543
3.99543
3.99543
3.99543
3.99543
3.99543
3.99543
3.99543
3.99543
3.99543
3.99543
3.99543
3.99543
3.99543
3.99543
3.99543
3.99543
3.99543
3.99543
3.99543
3.99543
3.99543
3.99543
3.99543
3.99543
3.99543
3.99543
3.99543
3.99543
3.99542
3.99542
3.99542
3.99542
3.99542
3.99542
3.99542
3.99542
3.99542
3.99542
3.99542
3.99542
3.99542
3.99542
3.99542
3.99542
3.99542
3.99542
3.99542
3.99542
3.99542
3.99542
3.99542
3.99542
3.99542
3.99542
3.99542
3.99542
3.99542
3.99542
3.99542
3.99542
3.99542
3.99542
3.99542
3.99542
3.99542
3.99542
3.99542
3.99542
3.99542
3.99542
3.99542
3.99542
3.99542
3.99542
3.99542
3.99542
3.99542
3.99542
3.99542
3.99542
3.99542
3.99542
3.99542
3.99542
3.99542
3.99542
3.99542
3.99542
3.99542
3.99542
3.99542
3.99542
3.99541
3.99541
3.99541
3.99541
3.99541
3.99541
3.99541
3.99541
3.99541
3.99541
3.99541
3.99541
3.99541
3.99541
3.99541
3.99541
3.99541
3.99541
3.99541
3.99541
3.99541
3.99541
3.99541
3.99541
3.99541
3.99541
3.99541
3.99541
3.99541
3.99541
3.99541
3.99541
3.99541
3.99541
3.99541
3.99541
3.99541
3.99541
3.99541
3.99541
3.99541
3.99541
3.99541
3.99541
3.99541
3.99541
3.99541
3.99541
3.99541
3.99541
3.99541
3.99541
3.99541
3.99541
3.99541
3.99541
3.99541
3.99541
3.99541
3.99541
3.99541
3.99541
3.99541
3.99541
3.99541
3.99541
3.9954
3.9954
3.9954
3.9954
3.9954
3.9954
3.9954
3.9954
3.9954
3.9954
3.9954
3.9954
3.9954
3.9954
3.9954
3.9954
3.9954
3.9954
3.9954
3.9954
3.9954
3.9954
3.9954
3.9954
3.9954
3.9954
3.9954
3.9954
3.9954
3.9954
3.9954
3.9954
3.9954
3.9954
3.9954
3.9954
3.9954
3.9954
3.9954
3.9954
3.9954
3.9954
3.9954
3.9954
3.9954
3.9954
3.9954
3.9954
3.9954
3.9954
3.9954
3.9954
3.9954
3.9954
3.9954
3.9954
3.9954
3.9954
3.9954
3.9954
3.9954
3.9954
3.9954
3.9954
3.9954
3.9954
3.99539
3.99539
3.99539
3.99539
3.99539
3.99539
3.99539
3.99539
3.99539
3.99539
3.99539
3.99539
3.99539
3.99539
3.99539
3.99539
3.99539
3.99539
3.99539
3.99539
3.99539
3.99539
3.99539
3.99539
3.99539
3.99539
3.99539
3.99539
3.99539
3.99539
3.99539
3.99539
3.99539
3.99539
3.99539
3.99539
3.99539
3.99539
3.99539
3.99539
3.99539
3.99539
3.99539
3.99539
3.99539
3.99539
3.99539
3.99539
3.99539
3.99539
3.99539
3.99539
3.99539
3.99539
3.99539
3.99539
3.99539
3.99539
3.99539
3.99539
3.99539
3.99539
3.99539
3.99539
3.99539
3.99539
3.99538
3.99538
3.99538
3.99538
3.99538
3.99538
3.99538
3.99538
3.99538
3.99538
3.99538
3.99538
3.99538
3.99538
3.99538
3.99538
3.99538
3.99538
3.99538
3.99538
3.99538
3.99538
3.99538
3.99538
3.99538
3.99538
3.99538
3.99538
3.99538
3.99538
3.99538
3.99538
3.99538
3.99538
3.99538
3.99538
3.99538
3.99538
3.99538
3.99538
3.99538
3.99538
3.99538
3.99538
3.99538
3.99538
3.99538
3.99538
3.99538
3.99538
3.99538
3.99538
3.99538
3.99538
3.99538
3.99538
3.99538
3.99538
3.99538
3.99538
3.99538
3.99538
3.99538
3.99538
3.99537
3.99537
3.99537
3.99537
3.99537
3.99537
3.99537
3.99537
3.99537
3.99537
3.99537
3.99537
3.99537
3.99537
3.99537
3.99537
3.99537
3.99537
3.99537
3.99537
6.99872
6.99872
3.99536
3.99536
6.99861
6.99861
3.99529
3.99529
6.9985
6.9985
3.99522
3.99522
6.09956
6.09956
5.79967
5.79967
5.49944
5.49944
5.1997
5.1997
4.89974
4.89974
4.59975
4.59975
4.59973
4.59973
4.29978
4.29978
3.99505
3.99505
3.99504
3.99504
3.99502
3.99502
6.99844
6.99844
3.99494
3.99494
6.99831
6.99831
3.99486
3.99486
6.38366
6.38366
3.99478
3.99478
6.38353
6.38353
3.99469
3.99469
5.79963
5.79963
3.99462
3.99462
5.4993
5.4993
3.99454
3.99454
5.19957
5.19957
3.99448
3.99448
4.89956
4.89956
3.99441
3.99441
4.59965
4.59965
3.99436
3.99436
3.99435
3.99435
3.99433
3.99433
3.99432
3.99432
6.38345
6.38345
3.99422
3.99422
6.09935
6.09935
3.99413
3.99413
6.09924
6.09924
3.99408
3.99408
5.79949
5.79949
3.99404
3.99404
5.49921
5.49921
3.994
3.994
5.49918
5.49918
3.99398
3.99398
5.19949
5.19949
3.99397
3.99397
5.19947
5.19947
5.19946
5.19946
6.69785
6.69785
6.38343
6.38343
4.89942
4.89942
6.09921
6.09921
4.59944
4.59944
4.59943
4.59943
4.59942
4.59942
4.29966
4.29966
4.29966
4.29966
4.29965
4.29965
3.99394
3.99394
6.99829
6.99829
3.99391
3.99391
6.99824
6.99824
3.99388
3.99388
6.69783
6.69783
3.99384
3.99384
6.38336
6.38336
3.99381
3.99381
6.09919
6.09919
3.99378
3.99378
5.19944
5.19944
3.99377
3.99377
4.89936
4.89936
4.89935
4.89935
6.99819
6.99819
4.59935
4.59935
6.99813
6.99813
4.5993
4.5993
6.99808
6.99808
4.29963
4.29963
6.69774
6.69774
4.29959
4.29959
6.38328
6.38328
3.99374
3.99374
6.09914
6.09914
3.99371
3.99371
5.7993
5.7993
3.99369
3.99369
5.19941
5.19941
3.99367
3.99367
5.19938
5.19938
3.99365
3.99365
4.89929
4.89929
3.99363
3.99363
4.89927
4.89927
3.99363
3.99363
4.59926
4.59926
3.99362
3.99362
4.59924
4.59924
3.99362
3.99362
4.29955
4.29955
6.09907
6.09907
4.29952
4.29952
5.79924
5.79924
4.2995
4.2995
3.99362
3.99362
6.99805
6.99805
3.99359
3.99359
6.69769
6.69769
3.99356
3.99356
6.69765
6.69765
3.99354
3.99354
6.38316
6.38316
3.99351
3.99351
6.38311
6.38311
3.99348
3.99348
6.09906
6.09906
3.99346
3.99346
3.99346
3.99346
6.99801
6.99801
3.99343
3.99343
6.99796
6.99796
3.9934
3.9934
3.9934
3.9934
6.69763
6.69763
3.99337
3.99337
3.99337
3.99337
3.99337
3.99337
3.99336
3.99336
3.99336
3.99336
3.99336
3.99336
3.99335
3.99335
3.99335
3.99335
3.99335
3.99335
3.99334
3.99334
3.99334
3.99334
3.99333
3.99333
3.99333
3.99333
3.99333
3.99333
3.99332
3.99332
3.99332
3.99332
3.99332
3.99332
3.99331
3.99331
3.99331
3.99331
3.99331
3.99331
3.9933
3.9933
3.9933
3.9933
3.99329
3.99329
3.99329
3.99329
3.99329
3.99329
3.99328
3.99328
3.99328
3.99328
3.99328
3.99328
3.99327
3.99327
3.99327
3.99327
3.99327
3.99327
3.99326
3.99326
3.99326
3.99326
3.99325
3.99325
3.99325
3.99325
3.99325
3.99325
3.99324
3.99324
3.99324
3.99324
3.99324
3.99324
3.99323
3.99323
3.99323
3.99323
3.99323
3.99323
3.99322
3.99322
3.99322
3.99322
3.99322
3.99322
3.99321
3.99321
3.99321
3.99321
3.9932
3.9932
3.9932
3.9932
3.9932
3.9932
3.99319
3.99319
3.99319
3.99319
3.99319
3.99319
3.99318
3.99318
3.99318
3.99318
3.99318
3.99318
3.99317
3.99317
3.99317
3.99317
3.99317
3.99317
3.99316
3.99316
3.99316
3.99316
3.99316
3.99316
3.99315
3.99315
3.99315
3.99315
3.99315
3.99315
3.99314
3.99314
3.99314
3.99314
3.99314
3.99314
3.99313
3.99313
3.99313
3.99313
3.99313
3.99313
3.99313
3.99313
3.99277
3.99277
3.99277
3.99277
3.99277
3.99277
3.99277
3.99277
3.99277
3.99277
3.99277
3.99277
3.99277
3.99277
3.99277
3.99277
3.99277
3.99277
3.99277
3.99277
3.99277
3.99277
3.99277
3.99277
3.99277
3.99277
3.99277
3.99277
3.99277
3.99277
3.99277
3.99277
3.99277
3.99277
3.99277
3.99277
3.99277
3.99277
3.99276
3.99276
3.99276
3.99276
3.99276
3.99276
3.99276
3.99276
3.99276
3.99276
3.99276
3.99276
3.99276
3.99276
3.99276
3.99276
3.99276
3.99276
3.99276
3.99276
3.99276
3.99276
3.99276
3.99276
3.99276
3.99276
3.99276
3.99276
3.99276
3.99276
3.99276
3.99276
3.99276
3.99276
3.99276
3.99276
3.99276
3.99276
3.99276
3.99276
3.99276
3.99276
3.99276
3.99276
3.99276
3.99276
3.99276
3.99276
3.99276
3.99276
3.99276
3.99276
3.99276
3.99276
3.99276
3.99276
3.99276
3.99276
3.99276
3.99276
3.99276
3.99276
3.99276
3.99276
3.99276
3.99276
3.99275
3.99275
3.99275
3.99275
3.99275
3.99275
3.99275
3.99275
3.99275
3.99275
3.99275
3.99275
3.99275
3.99275
3.99275
3.99275
3.99275
3.99275
3.99275
3.99275
3.99275
3.99275
3.99275
3.99275
3.99275
3.99275
3.99275
3.99275
3.99275
3.99275
3.99275
3.99275
3.99275
3.99275
