6.9527e-310
6.9527e-310
5.12342
5.12342
5.12538
5.12538
5.1205
5.1205
5.12733
5.12733
5.12586
5.12586
5.11757
5.11757
5.11513
5.11513
5.1244
5.1244
5.14148
5.14148
5.12635
5.12635
5.10244
5.10244
5.12342
5.12342
5.14148
5.14148
5.12098
5.12098
5.12294
5.12294
5.13465
5.13465
5.13123
5.13123
5.12928
5.12928
5.11708
5.11708
5.11171
5.11171
5.09805
5.09805
5.15514
5.15514
5.12196
5.12196
5.11513
5.11513
5.11659
5.11659
5.10781
5.10781
5.10439
5.10439
5.11318
5.11318
5.13318
5.13318
5.11122
5.11122
5.12586
5.12586
5.10976
5.10976
5.14002
5.14002
5.12489
5.12489
5.10049
5.10049
5.13416
5.13416
5.13074
5.13074
5.12342
5.12342
5.11074
5.11074
5.11464
5.11464
5.13709
5.13709
5.11562
5.11562
5.13416
5.13416
5.12391
5.12391
5.12586
5.12586
5.11269
5.11269
5.11903
5.11903
5.11854
5.11854
5.14197
5.14197
5.13855
5.13855
5.12684
5.12684
5.11903
5.11903
5.12001
5.12001
5.11415
5.11415
5.11318
5.11318
5.12586
5.12586
5.13026
5.13026
5.12196
5.12196
5.11025
5.11025
5.12294
5.12294
5.11708
5.11708
5.11122
5.11122
5.11903
5.11903
5.11854
5.11854
5.12147
5.12147
5.13074
5.13074
5.12294
5.12294
5.12879
5.12879
5.12294
5.12294
5.12391
5.12391
5.11318
5.11318
5.1122
5.1122
5.1122
5.1122
5.12586
5.12586
5.12294
5.12294
5.12928
5.12928
5.12245
5.12245
5.12586
5.12586
5.11122
5.11122
5.11708
5.11708
5.13709
5.13709
5.10049
5.10049
5.13123
5.13123
5.1327
5.1327
5.15466
5.15466
5.08194
5.08194
5.13904
5.13904
5.09951
5.09951
5.14197
5.14197
5.0595
5.0595
5.13318
5.13318
5.11269
5.11269
5.16051
5.16051
5.07804
5.07804
5.17613
5.17613
5.10293
5.10293
5.09854
5.09854
5.07706
5.07706
5.12684
5.12684
5.14734
5.14734
5.14246
5.14246
5.07755
5.07755
5.14734
5.14734
5.10732
5.10732
5.1488
5.1488
5.03851
5.03851
5.12733
5.12733
5.12342
5.12342
5.17271
5.17271
5.10439
5.10439
5.10781
5.10781
5.14343
5.14343
5.14685
5.14685
5.06194
5.06194
5.08487
5.08487
5.1083
5.1083
5.14636
5.14636
5.08341
5.08341
5.18589
5.18589
5.08194
5.08194
5.15661
5.15661
5.07414
5.07414
5.15466
5.15466
5.05657
5.05657
5.15758
5.15758
5.13318
5.13318
5.12977
5.12977
5.19174
5.19174
5.09756
5.09756
5.11366
5.11366
5.08243
5.08243
5.12489
5.12489
5.09902
5.09902
5.15807
5.15807
5.15173
5.15173
5.12733
5.12733
5.16344
5.16344
5.08536
5.08536
5.0878
5.0878
5.08194
5.08194
5.10878
5.10878
5.12782
5.12782
5.14831
5.14831
5.15661
5.15661
5.16539
5.16539
5.10732
5.10732
5.08243
5.08243
5.08048
5.08048
5.12196
5.12196
5.11122
5.11122
5.15612
5.15612
5.09122
5.09122
5.19858
5.19858
5.12196
5.12196
5.10488
5.10488
5.06926
5.06926
5.10927
5.10927
5.11562
5.11562
5.14392
5.14392
5.1488
5.1488
5.14685
5.14685
5.1649
5.1649
5.10439
5.10439
5.0917
5.0917
5.08536
5.08536
5.07999
5.07999
5.12489
5.12489
5.12977
5.12977
5.16832
5.16832
5.12294
5.12294
5.17662
5.17662
5.08292
5.08292
5.10878
5.10878
5.09658
5.09658
5.09219
5.09219
5.13953
5.13953
5.12098
5.12098
5.18784
5.18784
5.1283
5.1283
5.11854
5.11854
5.08243
5.08243
5.11854
5.11854
5.11903
5.11903
5.09707
5.09707
5.10098
5.10098
5.18101
5.18101
5.15856
5.15856
5.11513
5.11513
5.09122
5.09122
5.09122
5.09122
5.14538
5.14538
5.05657
5.05657
5.13318
5.13318
5.14392
5.14392
5.12098
5.12098
5.2181
5.2181
5.08731
5.08731
5.12489
5.12489
5.07853
5.07853
5.13953
5.13953
5.07316
5.07316
5.17906
5.17906
5.1205
5.1205
5.21907
5.21907
5.12391
5.12391
5.1122
5.1122
5.07853
5.07853
5.13806
5.13806
5.05657
5.05657
5.15466
5.15466
5.16734
5.16734
8.0197
8.0197
6.25949
6.25949
4.44803
4.44803
5.44794
5.44794
5.79101
5.79101
4.48317
4.48317
5.13465
5.13465
4.09423
4.09423
4.38606
4.38606
5.53042
5.53042
3.56231
3.56231
5.59142
5.59142
4.14742
4.14742
5.28837
5.28837
4.40362
4.40362
5.00435
5.00435
4.65104
4.65104
5.37279
5.37279
4.42998
4.42998
5.15807
5.15807
5.91984
5.91984
4.86576
4.86576
4.97849
4.97849
4.67495
4.67495
4.69106
4.69106
4.8887
4.8887
5.22981
5.22981
5.3523
5.3523
5.36303
5.36303
5.35913
5.35913
5.03363
5.03363
5.44746
5.44746
4.51879
4.51879
5.08341
5.08341
4.87259
4.87259
5.25128
5.25128
4.95165
4.95165
5.3601
5.3601
5.40988
5.40988
5.19174
5.19174
5.14197
5.14197
5.0551
5.0551
4.76084
4.76084
5.23274
5.23274
5.11025
5.11025
5.36547
5.36547
5.28788
5.28788
5.08536
5.08536
5.13904
5.13904
4.99508
4.99508
5.15807
5.15807
4.94774
4.94774
5.16295
5.16295
5.11269
5.11269
5.30984
5.30984
5.21712
5.21712
5.11171
5.11171
5.24445
5.24445
5.03705
5.03705
5.05754
5.05754
5.00874
5.00874
5.23078
5.23078
5.12489
5.12489
5.31765
5.31765
5.13904
5.13904
5.29032
5.29032
5.19223
5.19223
4.98483
4.98483
5.05266
5.05266
5.06486
5.06486
5.28007
5.28007
5.09658
5.09658
5.22151
5.22151
5.12098
5.12098
5.13172
5.13172
5.24542
5.24542
5.15612
5.15612
5.08194
5.08194
5.02924
5.02924
5.04046
5.04046
5.14197
5.14197
5.18296
5.18296
5.18052
5.18052
5.26446
5.26446
5.0673
5.0673
5.14294
5.14294
5.09854
5.09854
5.10195
5.10195
5.08536
5.08536
5.10634
5.10634
5.14929
5.14929
5.19223
5.19223
5.1937
5.1937
5.12733
5.12733
5.10976
5.10976
5.0268
5.0268
5.07853
5.07853
5.11366
5.11366
5.11269
5.11269
5.17222
5.17222
5.19126
5.19126
5.16198
5.16198
5.15466
5.15466
5.11415
5.11415
5.12196
5.12196
5.05901
5.05901
5.10781
5.10781
5.09317
5.09317
5.13806
5.13806
5.17222
5.17222
5.15612
5.15612
5.13806
5.13806
5.09707
5.09707
5.12684
5.12684
5.08878
5.08878
5.11659
5.11659
5.12001
5.12001
5.13074
5.13074
5.15905
5.15905
5.11366
5.11366
5.1693
5.1693
5.0634
5.0634
5.12147
5.12147
5.07267
5.07267
5.16637
5.16637
5.09951
5.09951
5.18052
5.18052
5.12928
5.12928
5.13806
5.13806
5.12294
5.12294
5.11757
5.11757
5.10049
5.10049
5.11952
5.11952
5.11513
5.11513
5.16832
5.16832
5.13953
5.13953
5.16637
5.16637
5.10537
5.10537
5.15368
5.15368
5.05315
5.05315
5.10293
5.10293
5.0878
5.0878
5.14734
5.14734
5.10927
5.10927
5.20882
5.20882
5.11952
5.11952
5.13416
5.13416
5.08585
5.08585
5.11269
5.11269
5.10146
5.10146
5.13514
5.13514
5.1405
5.1405
5.15222
5.15222
5.15368
5.15368
5.1122
5.1122
5.13074
5.13074
5.08243
5.08243
5.12196
5.12196
5.09073
5.09073
5.13562
5.13562
5.08926
5.08926
5.20882
5.20882
5.12538
5.12538
5.10781
5.10781
5.07706
5.07706
5.10927
5.10927
5.12098
5.12098
5.10439
5.10439
5.13855
5.13855
5.12928
5.12928
5.19662
5.19662
5.10439
5.10439
5.10683
5.10683
5.06828
5.06828
5.1161
5.1161
5.09512
5.09512
5.14587
5.14587
5.13074
5.13074
5.16246
5.16246
5.14685
5.14685
5.12098
5.12098
5.11122
5.11122
5.09707
5.09707
5.07853
5.07853
5.11708
5.11708
5.16588
5.16588
5.15417
5.15417
5.10732
5.10732
5.16588
5.16588
5.10683
5.10683
5.1405
5.1405
5.06682
5.06682
5.13074
5.13074
5.12196
5.12196
5.19906
5.19906
5.0961
5.0961
5.18882
5.18882
5.08194
5.08194
5.16051
5.16051
5.04974
5.04974
5.10439
5.10439
5.12098
5.12098
5.18638
5.18638
5.13318
5.13318
5.16442
5.16442
5.13806
5.13806
5.12928
5.12928
5.07755
5.07755
5.21273
5.21273
5.07414
5.07414
5.16393
5.16393
5.12635
5.12635
5.14636
5.14636
5.17369
5.17369
5.10927
5.10927
5.09658
5.09658
5.06682
5.06682
5.13172
5.13172
5.08731
5.08731
5.16539
5.16539
5.13416
5.13416
5.14636
5.14636
5.16393
5.16393
5.10586
5.10586
5.08194
5.08194
5.10586
5.10586
5.06584
5.06584
5.14197
5.14197
5.14197
5.14197
5.12879
5.12879
5.1732
5.1732
5.11025
5.11025
5.21419
5.21419
5.21419
5.21419
5.15514
5.15514
5.12879
5.12879
5.1732
5.1732
5.11025
5.11025
5.21419
5.21419
5.05901
5.05901
5.10781
5.10781
5.10488
5.10488
5.06145
5.06145
5.13367
5.13367
5.18247
5.18247
5.1854
5.1854
5.08634
5.08634
5.2015
5.2015
5.07218
5.07218
5.13953
5.13953
5.01997
5.01997
5.12342
5.12342
5.13367
5.13367
5.20297
5.20297
5.16686
5.16686
5.1205
5.1205
5.14099
5.14099
5.13611
5.13611
5.05706
5.05706
5.08585
5.08585
5.12538
5.12538
5.16832
5.16832
5.15758
5.15758
5.16198
5.16198
5.13074
5.13074
5.10683
5.10683
5.12196
5.12196
5.04925
5.04925
5.11513
5.11513
5.12391
5.12391
5.19077
5.19077
5.15222
5.15222
5.13953
5.13953
5.14392
5.14392
5.10098
5.10098
5.06682
5.06682
5.09902
5.09902
5.1122
5.1122
5.16393
5.16393
5.18979
5.18979
5.11659
5.11659
5.1693
5.1693
5.10195
5.10195
5.1571
5.1571
5.03656
5.03656
5.12391
5.12391
5.10878
5.10878
5.21468
5.21468
5.11952
5.11952
5.16832
5.16832
5.12489
5.12489
4.99069
4.99069
5.06877
5.06877
5.05315
5.05315
5.11318
5.11318
5.12635
5.12635
5.16539
5.16539
5.17466
5.17466
5.1771
5.1771
5.09902
5.09902
5.07609
5.07609
5.07658
5.07658
5.11806
5.11806
5.10781
5.10781
5.15661
5.15661
5.15124
5.15124
5.22493
5.22493
5.13855
5.13855
5.10488
5.10488
5.06291
5.06291
5.10098
5.10098
5.08194
5.08194
5.14929
5.14929
5.13562
5.13562
5.15026
5.15026
5.18101
5.18101
5.11415
5.11415
5.08341
5.08341
5.08975
5.08975
5.05559
5.05559
5.12294
5.12294
5.14782
5.14782
5.20297
5.20297
5.17564
5.17564
5.14538
5.14538
5.09073
5.09073
5.07755
5.07755
5.07511
5.07511
5.16442
5.16442
5.0795
5.0795
5.17076
5.17076
5.1205
5.1205
5.2342
5.2342
5.10049
5.10049
5.10195
5.10195
5.05852
5.05852
5.12977
5.12977
5.10098
5.10098
5.16978
5.16978
5.15905
5.15905
5.12782
5.12782
5.20443
5.20443
5.07706
5.07706
5.09463
5.09463
5.0595
5.0595
5.14148
5.14148
5.06486
5.06486
5.18052
5.18052
5.17662
5.17662
5.13953
5.13953
5.14978
5.14978
5.0795
5.0795
5.08585
5.08585
5.03802
5.03802
5.12001
5.12001
5.12245
5.12245
5.18052
5.18052
5.16881
5.16881
5.1283
5.1283
5.13416
5.13416
5.10293
5.10293
5.07267
5.07267
5.08243
5.08243
5.12196
5.12196
5.17174
5.17174
5.15612
5.15612
5.16051
5.16051
5.16051
5.16051
5.10537
5.10537
5.08243
5.08243
5.09073
5.09073
5.08731
5.08731
5.1283
5.1283
5.18198
5.18198
5.16344
5.16344
5.11854
5.11854
5.15368
5.15368
5.0839
5.0839
5.0839
5.0839
5.04486
5.04486
5.08975
5.08975
5.13953
5.13953
5.18101
5.18101
5.20541
5.20541
5.16686
5.16686
5.15612
5.15612
5.06145
5.06145
5.09414
5.09414
5.03949
5.03949
5.11854
5.11854
5.16588
5.16588
5.15368
5.15368
5.17613
5.17613
5.15466
