6.9527e-310
6.9527e-310
3.97699
3.97699
3.97699
3.97699
3.97699
3.97699
3.97699
3.97699
3.97699
3.97699
3.97699
3.97699
3.97699
3.97699
3.97699
3.97699
3.97699
3.97699
3.97699
3.97699
3.97699
3.97699
3.97699
3.97699
3.97699
3.97699
3.97699
3.97699
3.97699
3.97699
3.97699
3.97699
3.97699
3.97699
3.97699
3.97699
3.97699
3.97699
3.97699
3.97699
3.97699
3.97699
3.97699
3.97699
3.97699
3.97699
3.97699
3.97699
3.97699
3.97699
3.97699
3.97699
3.97699
3.97699
3.97698
3.97698
3.97698
3.97698
3.97698
3.97698
3.97698
3.97698
3.97698
3.97698
3.97698
3.97698
3.97698
3.97698
3.97698
3.97698
3.97698
3.97698
3.97698
3.97698
3.97698
3.97698
3.97698
3.97698
3.97698
3.97698
3.97698
3.97698
3.97698
3.97698
3.97698
3.97698
3.97698
3.97698
3.97698
3.97698
3.97698
3.97698
3.97698
3.97698
3.97698
3.97698
3.97698
3.97698
3.97698
3.97698
3.97698
3.97698
3.97698
3.97698
3.97698
3.97698
3.97698
3.97698
3.97698
3.97698
3.97698
3.97698
3.97698
3.97698
3.97698
3.97698
3.97698
3.97698
3.97698
3.97698
3.97697
3.97697
3.97697
3.97697
3.97697
3.97697
3.97697
3.97697
3.97697
3.97697
3.97697
3.97697
3.97697
3.97697
3.97697
3.97697
3.97697
3.97697
3.97697
3.97697
3.97697
3.97697
3.97697
3.97697
3.97697
3.97697
3.97697
3.97697
3.97697
3.97697
3.97697
3.97697
3.97697
3.97697
3.97697
3.97697
3.97697
3.97697
3.97697
3.97697
3.97697
3.97697
3.97697
3.97697
3.97697
3.97697
3.97697
3.97697
3.97697
3.97697
3.97697
3.97697
3.97697
3.97697
3.97697
3.97697
3.97697
3.97697
3.97697
3.97697
3.97697
3.97697
3.97697
3.97697
3.97697
3.97697
3.97696
3.97696
3.97696
3.97696
3.97696
3.97696
3.97696
3.97696
3.97696
3.97696
3.97696
3.97696
3.97696
3.97696
3.97696
3.97696
3.97696
3.97696
3.97696
3.97696
3.97696
3.97696
3.97696
3.97696
3.97696
3.97696
3.97696
3.97696
3.97696
3.97696
3.97696
3.97696
3.97696
3.97696
3.97696
3.97696
3.97696
3.97696
3.97696
3.97696
3.97696
3.97696
3.97696
3.97696
3.97696
3.97696
3.97696
3.97696
3.97696
3.97696
3.97696
3.97696
3.97696
3.97696
3.97696
3.97696
3.97696
3.97696
3.97696
3.97696
3.97696
3.97696
3.97696
3.97696
3.97696
3.97696
3.97695
3.97695
3.97695
3.97695
3.97695
3.97695
3.97695
3.97695
3.97695
3.97695
3.97695
3.97695
3.97695
3.97695
3.97695
3.97695
3.97695
3.97695
3.97695
3.97695
3.97695
3.97695
3.97695
3.97695
3.97695
3.97695
3.97695
3.97695
3.97695
3.97695
3.97695
3.97695
3.97695
3.97695
3.97695
3.97695
3.97695
3.97695
3.97695
3.97695
3.97695
3.97695
3.97695
3.97695
3.97695
3.97695
3.97695
3.97695
3.97695
3.97695
3.97695
3.97695
3.97695
3.97695
3.97695
3.97695
3.97695
3.97695
3.97695
3.97695
3.97695
3.97695
3.97695
3.97695
3.97695
3.97695
3.97694
3.97694
3.97694
3.97694
3.97694
3.97694
3.97694
3.97694
3.97694
3.97694
3.97694
3.97694
3.97694
3.97694
3.97694
3.97694
3.97694
3.97694
3.97694
3.97694
3.97694
3.97694
3.97694
3.97694
3.97694
3.97694
3.97694
3.97694
3.97694
3.97694
3.97694
3.97694
3.97694
3.97694
3.97694
3.97694
3.97694
3.97694
3.97694
3.97694
3.97694
3.97694
3.97694
3.97694
3.97694
3.97694
3.97694
3.97694
3.97694
3.97694
3.97694
3.97694
3.97694
3.97694
3.97694
3.97694
3.97694
3.97694
3.97694
3.97694
3.97694
3.97694
3.97694
3.97694
3.97694
3.97694
3.97693
3.97693
3.97693
3.97693
3.97693
3.97693
3.97693
3.97693
3.97693
3.97693
3.97693
3.97693
3.97693
3.97693
3.97693
3.97693
3.97693
3.97693
3.97693
3.97693
3.97693
3.97693
3.97693
3.97693
3.97693
3.97693
3.97693
3.97693
3.97693
3.97693
3.97693
3.97693
3.97693
3.97693
3.97693
3.97693
3.97693
3.97693
3.97693
3.97693
3.97693
3.97693
3.97693
3.97693
3.97693
3.97693
3.97693
3.97693
3.97693
3.97693
3.97693
3.97693
3.97693
3.97693
3.97693
3.97693
3.97693
3.97693
3.97693
3.97693
3.97693
3.97693
3.97693
3.97693
6.99877
6.99877
3.97692
3.97692
6.39949
6.39949
3.97685
3.97685
6.39937
6.39937
3.97678
3.97678
6.39924
6.39924
3.97669
3.97669
6.39908
6.39908
3.9766
3.9766
6.39891
6.39891
6.39882
6.39882
3.97641
3.97641
6.39862
6.39862
3.9763
3.9763
6.39842
6.39842
3.97618
3.97618
6.39823
6.39823
3.97608
3.97608
6.39805
6.39805
3.97598
3.97598
6.39784
6.39784
3.97587
3.97587
6.39764
6.39764
3.97576
3.97576
6.39744
6.39744
6.39734
6.39734
6.39724
6.39724
6.39714
6.39714
3.97534
3.97534
6.39694
6.39694
3.97523
3.97523
6.39674
6.39674
3.97511
3.97511
6.39654
6.39654
3.975
3.975
6.39635
6.39635
3.97489
3.97489
6.39615
6.39615
3.97478
3.97478
6.39594
6.39594
3.97467
3.97467
6.39574
6.39574
3.97456
3.97456
6.39554
6.39554
3.97444
3.97444
6.39534
6.39534
3.97433
3.97433
6.39514
6.39514
6.39503
6.39503
6.39493
6.39493
6.39483
6.39483
3.97391
3.97391
6.39463
6.39463
3.9738
3.9738
6.39443
6.39443
3.97369
3.97369
6.39422
6.39422
3.97357
3.97357
6.39402
6.39402
3.97345
3.97345
6.39382
6.39382
3.97333
3.97333
6.39363
6.39363
3.97322
3.97322
6.39343
6.39343
3.9731
3.9731
6.39322
6.39322
3.97299
3.97299
6.39302
6.39302
3.97287
3.97287
6.39283
6.39283
3.97277
3.97277
6.39262
6.39262
6.39251
6.39251
6.39242
6.39242
6.39231
6.39231
6.39224
6.39224
3.97228
3.97228
6.39204
6.39204
3.97218
3.97218
6.39184
6.39184
3.97207
3.97207
6.39164
6.39164
3.97196
3.97196
6.39144
6.39144
3.97185
3.97185
6.39124
6.39124
3.97174
3.97174
6.39104
6.39104
3.97172
3.97172
6.39084
6.39084
6.39074
6.39074
6.39064
6.39064
6.39055
6.39055
6.39045
6.39045
6.39035
6.39035
6.39025
6.39025
6.39015
6.39015
6.39005
6.39005
6.38995
6.38995
6.38985
6.38985
6.38975
6.38975
6.38965
6.38965
6.38955
6.38955
6.38945
6.38945
6.38936
6.38936
6.38926
6.38926
6.38916
6.38916
6.38906
6.38906
6.38896
6.38896
6.38886
6.38886
6.38876
6.38876
6.38866
6.38866
6.38856
6.38856
6.38847
6.38847
6.38837
6.38837
6.38827
6.38827
6.38817
6.38817
6.38807
6.38807
6.38797
6.38797
6.38787
6.38787
6.38777
6.38777
6.38767
6.38767
6.38758
6.38758
6.38748
6.38748
6.38738
6.38738
6.38728
6.38728
6.38718
6.38718
6.38708
6.38708
6.38698
6.38698
6.38688
6.38688
6.38679
6.38679
6.38669
6.38669
6.38659
6.38659
6.38649
6.38649
6.38639
6.38639
6.38629
6.38629
6.38619
6.38619
6.38609
6.38609
6.38599
6.38599
6.3859
6.3859
6.3858
6.3858
6.3857
6.3857
6.3856
6.3856
6.3855
6.3855
6.3854
6.3854
6.38531
6.38531
6.3852
6.3852
6.38511
6.38511
6.38501
6.38501
6.38491
6.38491
6.38481
6.38481
6.38471
6.38471
6.38462
6.38462
6.38452
6.38452
6.38442
6.38442
6.38432
6.38432
6.38422
6.38422
6.38412
6.38412
6.38402
6.38402
6.38392
6.38392
6.38383
6.38383
6.38373
6.38373
6.38363
6.38363
6.38353
6.38353
6.38343
6.38343
6.38333
6.38333
6.38324
6.38324
6.38314
6.38314
6.38304
6.38304
6.38294
6.38294
6.38284
6.38284
6.38274
6.38274
6.38264
6.38264
6.38254
6.38254
6.38245
6.38245
6.38235
6.38235
6.38225
6.38225
6.38215
6.38215
6.38205
6.38205
6.38195
6.38195
6.38186
6.38186
6.38176
6.38176
6.38166
6.38166
6.38156
6.38156
6.38146
6.38146
6.38136
6.38136
6.38127
6.38127
6.38117
6.38117
6.38107
6.38107
6.38097
6.38097
6.38092
6.38092
6.38085
6.38085
6.38077
6.38077
6.38069
6.38069
6.3806
6.3806
6.38051
6.38051
6.38043
6.38043
6.38034
6.38034
6.38025
6.38025
6.38016
6.38016
6.38007
6.38007
6.37998
6.37998
6.37989
6.37989
6.3798
6.3798
6.37971
6.37971
6.37962
6.37962
6.37953
6.37953
6.37944
6.37944
6.37936
6.37936
6.37927
6.37927
6.37919
6.37919
6.3791
6.3791
6.37901
6.37901
6.37901
6.37901
6.35235
6.35235
3.94504
3.94504
6.35216
6.35216
6.35206
6.35206
6.35206
6.35206
3.94515
3.94515
6.35235
6.35235
3.94504
3.94504
6.35216
6.35216
6.35206
6.35206
3.94482
3.94482
6.35187
6.35187
3.94471
3.94471
6.35167
6.35167
3.9446
3.9446
6.35148
6.35148
3.94449
3.94449
6.35128
6.35128
3.94438
3.94438
6.35109
6.35109
3.94427
3.94427
6.3509
6.3509
3.94416
3.94416
6.3507
6.3507
6.3506
6.3506
3.94394
3.94394
6.35041
6.35041
3.94383
3.94383
6.35021
6.35021
3.94372
3.94372
6.35002
6.35002
3.94361
3.94361
6.34982
6.34982
3.9435
3.9435
6.34963
6.34963
3.94339
3.94339
6.34944
6.34944
3.94327
3.94327
6.34924
6.34924
6.34915
6.34915
3.94306
3.94306
6.34895
6.34895
3.94295
3.94295
6.34876
6.34876
3.94284
3.94284
6.34856
6.34856
3.94273
3.94273
6.34837
6.34837
3.94261
3.94261
6.34817
6.34817
3.9425
3.9425
6.34798
6.34798
3.94239
3.94239
6.34778
6.34778
6.34769
6.34769
3.94218
3.94218
6.34749
6.34749
3.94207
3.94207
6.3473
6.3473
3.94195
3.94195
6.3471
6.3471
3.94184
3.94184
6.34691
6.34691
3.94173
3.94173
6.34672
6.34672
3.94162
3.94162
6.34652
6.34652
3.94151
3.94151
6.34633
6.34633
3.94139
3.94139
6.34613
6.34613
6.34604
6.34604
3.94118
3.94118
6.34584
6.34584
3.94107
3.94107
6.34565
6.34565
3.94096
3.94096
6.34545
6.34545
3.94085
3.94085
6.34526
6.34526
3.94074
3.94074
6.34507
6.34507
3.94062
3.94062
6.34487
6.34487
3.94051
3.94051
6.34468
6.34468
6.34458
6.34458
3.9403
3.9403
6.34439
6.34439
3.94019
3.94019
6.34419
6.34419
3.94008
3.94008
6.344
6.344
3.93997
3.93997
6.3438
6.3438
3.93985
3.93985
6.34361
6.34361
3.93974
3.93974
6.34342
6.34342
3.93963
3.93963
6.34322
6.34322
3.93952
3.93952
6.34303
6.34303
6.34293
6.34293
3.9393
3.9393
6.34274
6.34274
3.93919
3.93919
6.34254
6.34254
3.93908
3.93908
6.34235
6.34235
3.93897
3.93897
6.34215
6.34215
3.93886
3.93886
6.34196
6.34196
3.93875
3.93875
6.34177
6.34177
3.93864
3.93864
6.34157
6.34157
6.34148
6.34148
3.93842
3.93842
6.34128
6.34128
3.93831
3.93831
6.34109
6.34109
3.93821
3.93821
6.3409
6.3409
3.9381
3.9381
6.3407
6.3407
3.93798
3.93798
6.34051
6.34051
3.93787
3.93787
6.34031
6.34031
6.34022
6.34022
3.93766
3.93766
6.34002
6.34002
3.93755
3.93755
6.33983
6.33983
3.93744
3.93744
6.33963
6.33963
3.93733
3.93733
6.33944
6.33944
3.93722
3.93722
6.33925
6.33925
3.9371
3.9371
6.33905
6.33905
3.93699
3.93699
6.33886
6.33886
3.93688
3.93688
6.33866
6.33866
6.33857
6.33857
3.93667
3.93667
6.33838
6.33838
3.93656
3.93656
6.33818
6.33818
3.93645
3.93645
6.33799
6.33799
3.93633
3.93633
6.33779
6.33779
3.93622
3.93622
6.3376
6.3376
3.93611
3.93611
6.33741
6.33741
3.936
3.936
6.33721
6.33721
6.33712
6.33712
3.93578
