6.95297e-310
6.95297e-310
6.95297e-310
6.95297e-310
5.12489
5.12489
5.12782
5.12782
5.11659
5.11659
5.12391
5.12391
5.11366
5.11366
5.11366
5.11366
5.12782
5.12782
5.11659
5.11659
5.12391
5.12391
5.11366
5.11366
5.13172
5.13172
5.13172
5.13172
5.12782
5.12782
5.11659
5.11659
5.12391
5.12391
5.11366
5.11366
5.13172
5.13172
5.12245
5.12245
5.1122
5.1122
5.12196
5.12196
5.13514
5.13514
5.13221
5.13221
5.14197
5.14197
5.12879
5.12879
5.12782
5.12782
5.12294
5.12294
5.11269
5.11269
5.13123
5.13123
5.13367
5.13367
5.13562
5.13562
5.1327
5.1327
5.12342
5.12342
5.13221
5.13221
5.13562
5.13562
5.13026
5.13026
5.10732
5.10732
5.16539
5.16539
5.11415
5.11415
5.12928
5.12928
5.12684
5.12684
5.14636
5.14636
5.13904
5.13904
5.07706
5.07706
5.14782
5.14782
5.1039
5.1039
5.09073
5.09073
5.13806
5.13806
5.08536
5.08536
5.11074
5.11074
5.09561
5.09561
5.13953
5.13953
5.09902
5.09902
5.14148
5.14148
5.15905
5.15905
5.08634
5.08634
5.12586
5.12586
5.18101
5.18101
5.14929
5.14929
5.13758
5.13758
5.11171
5.11171
5.10732
5.10732
5.09805
5.09805
5.17271
5.17271
5.08341
5.08341
5.14246
5.14246
5.11415
5.11415
5.12098
5.12098
5.11659
5.11659
5.14538
5.14538
5.11708
5.11708
5.11806
5.11806
5.1488
5.1488
5.09951
5.09951
5.13465
5.13465
5.0878
5.0878
5.15075
5.15075
5.10293
5.10293
5.09756
5.09756
5.1083
5.1083
5.1083
5.1083
5.13367
5.13367
5.12538
5.12538
5.08682
5.08682
5.12782
5.12782
5.11854
5.11854
5.12782
5.12782
5.12635
5.12635
5.13221
5.13221
5.12489
5.12489
5.10244
5.10244
5.13074
5.13074
5.09024
5.09024
5.13855
5.13855
5.10195
5.10195
5.11952
5.11952
5.14002
5.14002
5.11854
5.11854
5.12928
5.12928
5.12342
5.12342
5.1244
5.1244
5.13562
5.13562
5.1244
5.1244
5.1039
5.1039
5.10293
5.10293
5.14002
5.14002
5.13318
5.13318
5.13172
5.13172
5.13758
5.13758
5.10146
5.10146
5.13367
5.13367
5.09805
5.09805
5.11952
5.11952
5.12245
5.12245
5.13855
5.13855
5.12684
5.12684
5.12245
5.12245
5.10781
5.10781
5.13074
5.13074
5.11513
5.11513
5.12586
5.12586
5.11903
5.11903
5.14148
5.14148
5.12147
5.12147
5.1283
5.1283
5.11366
5.11366
5.11562
5.11562
5.11903
5.11903
5.12391
5.12391
5.12001
5.12001
5.12879
5.12879
5.1244
5.1244
5.12928
5.12928
5.12147
5.12147
5.12001
5.12001
5.10732
5.10732
5.12294
5.12294
5.10732
5.10732
5.13026
5.13026
5.1205
5.1205
5.14002
5.14002
5.12001
5.12001
5.1244
5.1244
5.11903
5.11903
5.12294
5.12294
5.12977
5.12977
5.12879
5.12879
5.12489
5.12489
5.12098
5.12098
5.13026
5.13026
5.12098
5.12098
5.1205
5.1205
5.11952
5.11952
5.11757
5.11757
5.12147
5.12147
5.12098
5.12098
5.12245
5.12245
5.12782
5.12782
5.11708
5.11708
5.11708
5.11708
5.11708
5.11708
5.13709
5.13709
5.1244
5.1244
5.11854
5.11854
5.12147
5.12147
5.13416
5.13416
5.11708
5.11708
5.11708
5.11708
5.12391
5.12391
5.12782
5.12782
5.13123
5.13123
5.12391
5.12391
5.11366
5.11366
5.12928
5.12928
5.13367
5.13367
5.10098
5.10098
5.1244
5.1244
5.13514
5.13514
5.13953
5.13953
5.11122
5.11122
5.11415
5.11415
5.10586
5.10586
5.1205
5.1205
5.12196
5.12196
5.1366
5.1366
5.13074
5.13074
5.13465
5.13465
5.1244
5.1244
5.11171
5.11171
5.1327
5.1327
5.13221
5.13221
5.12635
5.12635
5.13221
5.13221
5.1366
5.1366
5.13709
5.13709
5.12147
5.12147
5.10195
5.10195
5.11366
5.11366
5.12586
5.12586
5.12538
5.12538
5.11171
5.11171
5.13172
5.13172
5.11806
5.11806
5.11903
5.11903
5.10976
5.10976
5.12489
5.12489
5.12635
5.12635
5.12098
5.12098
5.12294
5.12294
5.11708
5.11708
5.12977
5.12977
5.12586
5.12586
5.1205
5.1205
5.1244
5.1244
5.14002
5.14002
5.13123
5.13123
5.11464
5.11464
5.12489
5.12489
5.12977
5.12977
5.11659
5.11659
5.12684
5.12684
5.13074
5.13074
5.11806
5.11806
5.12586
5.12586
5.12196
5.12196
5.12489
5.12489
5.12635
5.12635
5.33034
5.33034
8.99375
8.99375
4.63542
4.63542
5.78564
5.78564
5.48747
5.48747
4.9819
4.9819
5.37035
5.37035
4.17182
4.17182
4.23282
4.23282
5.47674
5.47674
4.44169
4.44169
6.19361
6.19361
5.43818
5.43818
4.41826
4.41826
5.56702
5.56702
4.45828
4.45828
4.49293
4.49293
4.90138
4.90138
5.12196
5.12196
4.96531
4.96531
5.68755
5.68755
5.50894
5.50894
5.0024
5.0024
4.9253
4.9253
5.1449
5.1449
4.87601
4.87601
4.58467
4.58467
5.28251
5.28251
5.16442
5.16442
5.4211
5.4211
5.35864
5.35864
4.78378
4.78378
4.79744
4.79744
4.78475
4.78475
4.93066
4.93066
4.82916
4.82916
5.07609
5.07609
5.29471
5.29471
4.77499
4.77499
5.2669
5.2669
5.22493
5.22493
5.02241
5.02241
4.92627
4.92627
4.75742
4.75742
4.71106
4.71106
4.93896
4.93896
5.5109
5.5109
4.78475
4.78475
5.11074
5.11074
4.99313
4.99313
5.02485
5.02485
4.92969
4.92969
4.90822
4.90822
4.67642
4.67642
5.17564
5.17564
4.97702
4.97702
5.25616
5.25616
5.1527
5.1527
5.09951
5.09951
4.92871
4.92871
4.88821
4.88821
4.86478
4.86478
4.98581
4.98581
5.08682
5.08682
5.08194
5.08194
5.21322
5.21322
5.31618
5.31618
5.25567
5.25567
4.71204
4.71204
4.79646
4.79646
5.31814
5.31814
5.01216
5.01216
5.09512
5.09512
5.26836
5.26836
5.08878
5.08878
5.02875
5.02875
5.02875
5.02875
5.23371
5.23371
5.09122
5.09122
5.13026
5.13026
4.86771
4.86771
4.8355
4.8355
5.03558
5.03558
5.21273
5.21273
5.34888
5.34888
5.34595
5.34595
4.93945
4.93945
4.89309
4.89309
4.91505
4.91505
5.12733
5.12733
5.22346
5.22346
5.14002
5.14002
5.10049
5.10049
4.94726
4.94726
5.17222
5.17222
5.26641
5.26641
4.95214
4.95214
5.04437
5.04437
4.95604
4.95604
4.97605
4.97605
5.3357
5.3357
5.13074
5.13074
5.20834
5.20834
5.01704
5.01704
5.08146
5.08146
5.08048
5.08048
5.22639
5.22639
5.21761
5.21761
5.17613
5.17613
5.04925
5.04925
5.09854
5.09854
5.0473
5.0473
5.24006
5.24006
5.28154
5.28154
5.04193
5.04193
4.97751
4.97751
5.01997
5.01997
5.10927
5.10927
5.40354
5.40354
5.25762
5.25762
5.2547
5.2547
5.22444
5.22444
4.91846
4.91846
5.0429
5.0429
5.06877
5.06877
5.26738
5.26738
5.12684
5.12684
5.19028
5.19028
5.31618
5.31618
5.16832
5.16832
5.08682
5.08682
5.06926
5.06926
5.04876
5.04876
5.13465
5.13465
5.09414
5.09414
5.08682
5.08682
5.29764
5.29764
5.00191
5.00191
5.12977
5.12977
5.22151
5.22151
5.23078
5.23078
4.94238
4.94238
5.11708
5.11708
5.08731
5.08731
5.21322
5.21322
5.19662
5.19662
5.19321
5.19321
5.28007
5.28007
4.95848
4.95848
5.21175
5.21175
4.8682
4.8682
5.21614
5.21614
5.23762
5.23762
5.1205
5.1205
5.03754
5.03754
5.35522
5.35522
5.12538
5.12538
5.00289
5.00289
5.30838
5.30838
5.13074
5.13074
4.99069
4.99069
5.11854
5.11854
5.16393
5.16393
5.21029
5.21029
5.13416
5.13416
5.17662
5.17662
5.22493
5.22493
5.0795
5.0795
5.20687
5.20687
4.96287
4.96287
5.12879
5.12879
5.2586
5.2586
5.18394
5.18394
5.1405
5.1405
5.17222
5.17222
5.09951
5.09951
5.0673
5.0673
5.06682
5.06682
5.1122
5.1122
5.24006
5.24006
5.19614
5.19614
5.18101
5.18101
5.13318
5.13318
5.08438
5.08438
5.1
5.1
5.14782
5.14782
5.14099
5.14099
5.14099
5.14099
5.12489
5.12489
5.11464
5.11464
5.10586
5.10586
5.11122
5.11122
5.11122
5.11122
5.12245
5.12245
5.12489
5.12489
5.11464
5.11464
5.10586
5.10586
5.11122
5.11122
5.11757
5.11757
5.11952
5.11952
5.13172
5.13172
5.12489
5.12489
5.12782
5.12782
5.1205
5.1205
5.11464
5.11464
5.1161
5.1161
5.12098
5.12098
5.10976
5.10976
5.1244
5.1244
5.12928
5.12928
5.12538
5.12538
5.12147
5.12147
5.11464
5.11464
5.11757
5.11757
5.11854
5.11854
5.11806
5.11806
5.12684
5.12684
5.12928
5.12928
5.12196
5.12196
5.1161
5.1161
5.11659
5.11659
5.11366
5.11366
5.10976
5.10976
5.1366
5.1366
5.13172
5.13172
5.12098
5.12098
5.12391
5.12391
5.12147
5.12147
5.1283
5.1283
5.13026
5.13026
5.12147
5.12147
5.1161
5.1161
5.12098
5.12098
5.11903
5.11903
5.12196
5.12196
5.12782
5.12782
5.12684
5.12684
5.12635
5.12635
5.11318
5.11318
5.12782
5.12782
5.12879
5.12879
5.12147
5.12147
5.11562
5.11562
5.1122
5.1122
5.11415
5.11415
5.12489
5.12489
5.11952
5.11952
5.13367
5.13367
5.12342
5.12342
5.1244
5.1244
5.12586
5.12586
5.11366
5.11366
5.11415
5.11415
5.12782
5.12782
5.12684
5.12684
5.10537
5.10537
5.14978
5.14978
5.12245
5.12245
5.13611
5.13611
5.15563
5.15563
5.07902
5.07902
5.15222
5.15222
5.09902
5.09902
5.13416
5.13416
5.08048
5.08048
5.13465
5.13465
5.08292
5.08292
5.13465
5.13465
5.13562
5.13562
5.06242
5.06242
5.20638
5.20638
5.0839
5.0839
5.17125
5.17125
5.07218
5.07218
5.13806
5.13806
5.10683
5.10683
5.17906
5.17906
5.0717
5.0717
5.15026
5.15026
5.10146
5.10146
5.31179
5.31179
5.00533
5.00533
5.21858
5.21858
5.03266
5.03266
5.17515
5.17515
5.0839
5.0839
5.15563
5.15563
5.09463
5.09463
5.16783
5.16783
5.12294
5.12294
5.1205
5.1205
5.11806
5.11806
5.12586
5.12586
5.09317
5.09317
5.09561
5.09561
5.13465
5.13465
5.17564
5.17564
5.10537
5.10537
5.17466
5.17466
5.10586
5.10586
5.11415
5.11415
5.08536
5.08536
5.18833
5.18833
5.04925
5.04925
5.15173
5.15173
5.07365
5.07365
5.27568
5.27568
4.95458
4.95458
5.12196
5.12196
5.10293
5.10293
5.14929
5.14929
5.06633
5.06633
5.13172
5.13172
5.12538
5.12538
5.15563
5.15563
5.11366
5.11366
5.1449
5.1449
5.09658
5.09658
5.10683
5.10683
5.12196
5.12196
5.11171
5.11171
5.13367
5.13367
5.17418
5.17418
5.10293
5.10293
5.16783
5.16783
5.07462
5.07462
5.12586
5.12586
5.10732
5.10732
5.0839
5.0839
5.13514
5.13514
5.15954
5.15954
5.14246
5.14246
5.08975
5.08975
5.11562
5.11562
5.11122
5.11122
5.09317
5.09317
5.09268
5.09268
5.09658
5.09658
5.15758
5.15758
5.15368
5.15368
5.14148
5.14148
5.16295
5.16295
5.09707
5.09707
5.09219
5.09219
5.08634
5.08634
5.14538
5.14538
5.06145
5.06145
5.17271
5.17271
5.1244
5.1244
5.16198
5.16198
5.10244
5.10244
5.10146
5.10146
5.04046
5.04046
5.09219
5.09219
5.10098
5.10098
5.1405
5.1405
5.13465
5.13465
5.16393
5.16393
5.16198
5.16198
5.08634
5.08634
5.0917
5.0917
5.09268
5.09268
5.11757
5.11757
5.1854
5.1854
5.07462
5.07462
5.11757
5.11757
5.1083
5.1083
5.17906
5.17906
5.08048
5.08048
5.10049
5.10049
5.08634
5.08634
5.13806
5.13806
5.1283
5.1283
5.15954
5.15954
5.15417
5.15417
5.13123
5.13123
5.09902
5.09902
5.1083
5.1083
5.07316
5.07316
5.13611
5.13611
5.09854
5.09854
5.1571
5.1571
5.12782
5.12782
5.17906
