6.95297e-310
6.95297e-310
6.95297e-310
6.95297e-310
4.67801
4.67801
2.92594
2.92594
4.6779
4.6779
2.92588
2.92588
4.6778
4.6778
4.6778
4.6778
2.92594
2.92594
4.6779
4.6779
2.92588
2.92588
4.6778
4.6778
2.92582
2.92582
2.92582
2.92582
2.92594
2.92594
4.6779
4.6779
2.92588
2.92588
4.6778
4.6778
2.92582
2.92582
4.67769
4.67769
2.92576
2.92576
4.67759
4.67759
2.9257
2.9257
4.67748
4.67748
2.92564
2.92564
4.67738
4.67738
4.67732
4.67732
2.92552
2.92552
4.67722
4.67722
2.92547
2.92547
4.67711
4.67711
2.92541
2.92541
4.67701
4.67701
2.92535
2.92535
4.6769
4.6769
2.92528
2.92528
4.6768
4.6768
4.67675
4.67675
2.92517
2.92517
4.67664
4.67664
2.92511
2.92511
4.67654
4.67654
2.92505
2.92505
4.67643
4.67643
2.92499
2.92499
4.67632
4.67632
2.92493
2.92493
4.67622
4.67622
4.67617
4.67617
2.92481
2.92481
4.67606
4.67606
2.92476
2.92476
4.67596
4.67596
2.9247
2.9247
4.67585
4.67585
2.92464
2.92464
4.67575
4.67575
2.92458
2.92458
4.67564
4.67564
2.92451
2.92451
4.67554
4.67554
4.67549
4.67549
2.9244
2.9244
4.67538
4.67538
2.92434
2.92434
4.67528
4.67528
2.92428
2.92428
4.67517
4.67517
2.92422
2.92422
4.67507
4.67507
2.92416
2.92416
4.67496
4.67496
4.67491
4.67491
2.92404
2.92404
4.6748
4.6748
2.92399
2.92399
4.6747
4.6747
2.92393
2.92393
4.67459
4.67459
2.92387
2.92387
4.67449
4.67449
2.92381
2.92381
4.67438
4.67438
4.67433
4.67433
2.92369
2.92369
4.67423
4.67423
2.92363
2.92363
4.67412
4.67412
2.92357
2.92357
4.67402
4.67402
2.92351
2.92351
4.67391
4.67391
2.92345
2.92345
4.67381
4.67381
4.67375
4.67375
2.92334
2.92334
4.67365
4.67365
2.92328
2.92328
4.67354
4.67354
2.92322
2.92322
4.67344
4.67344
2.92316
2.92316
4.67333
4.67333
2.9231
2.9231
4.67323
4.67323
2.92304
2.92304
4.67312
4.67312
4.67307
4.67307
2.92292
2.92292
4.67297
4.67297
2.92286
2.92286
4.67286
4.67286
2.9228
2.9228
4.67276
4.67276
2.92274
2.92274
4.67265
4.67265
2.92268
2.92268
4.67255
4.67255
4.6725
4.6725
2.92256
2.92256
4.67239
4.67239
2.92251
2.92251
4.67229
4.67229
2.92245
2.92245
4.67218
4.67218
2.92239
2.92239
4.67208
4.67208
2.92233
2.92233
4.67197
4.67197
2.92227
2.92227
4.67187
4.67187
4.67181
4.67181
2.92215
2.92215
4.67171
4.67171
2.92209
2.92209
4.67161
4.67161
2.92203
2.92203
4.6715
4.6715
2.92197
2.92197
4.6714
4.6714
2.92191
2.92191
4.67129
4.67129
4.67124
4.67124
2.9218
2.9218
4.67113
4.67113
2.92174
2.92174
4.67103
4.67103
2.92168
2.92168
4.67092
4.67092
2.92162
2.92162
4.67082
4.67082
2.92156
2.92156
4.67071
4.67071
4.67066
4.67066
2.92144
2.92144
4.67056
4.67056
2.92138
2.92138
4.67045
4.67045
2.92132
2.92132
4.67035
4.67035
2.92126
2.92126
4.67024
4.67024
2.9212
2.9212
4.67014
4.67014
2.92114
2.92114
4.67003
4.67003
4.66998
4.66998
2.92103
2.92103
4.66988
4.66988
2.92097
2.92097
4.66977
4.66977
2.92091
2.92091
4.66967
4.66967
2.92085
2.92085
4.66956
4.66956
2.92079
2.92079
4.66946
4.66946
4.66941
4.66941
2.92067
2.92067
4.6693
4.6693
2.92061
2.92061
4.6692
4.6692
2.92055
2.92055
4.66909
4.66909
2.92049
2.92049
4.66899
4.66899
2.92043
2.92043
4.66888
4.66888
2.92037
2.92037
4.66878
4.66878
4.66873
4.66873
2.92026
2.92026
4.66862
4.66862
2.9202
2.9202
4.66852
4.66852
2.92014
2.92014
4.66841
4.66841
2.92008
2.92008
4.66831
4.66831
2.92002
2.92002
4.6682
4.6682
4.66815
4.66815
2.9199
2.9199
4.66805
4.66805
2.91984
2.91984
4.66794
4.66794
2.91978
2.91978
4.66784
4.66784
2.91972
2.91972
4.66773
4.66773
2.91966
2.91966
4.66763
4.66763
4.66757
4.66757
2.91955
2.91955
4.66747
4.66747
2.91949
2.91949
4.66737
4.66737
2.91943
2.91943
4.66726
4.66726
2.91937
2.91937
4.66716
4.66716
2.91931
2.91931
4.66705
4.66705
2.91925
2.91925
4.66695
4.66695
4.66689
4.66689
2.91914
2.91914
4.66679
4.66679
2.91908
2.91908
4.66665
4.66665
4.66663
4.66663
2.91897
2.91897
4.66652
4.66652
2.91891
2.91891
4.66642
4.66642
2.91885
2.91885
4.66633
4.66633
2.91879
2.91879
4.66622
4.66622
2.91874
2.91874
4.66611
4.66611
4.66606
4.66606
2.91864
2.91864
4.66596
4.66596
4.66591
4.66591
4.66585
4.66585
2.91848
2.91848
4.66574
4.66574
2.91842
2.91842
4.66564
4.66564
2.91837
2.91837
4.66554
4.66554
2.91831
2.91831
4.66543
4.66543
2.91825
2.91825
4.66532
4.66532
2.91818
2.91818
4.66522
4.66522
2.91812
2.91812
4.66512
4.66512
2.91807
2.91807
4.66501
4.66501
4.66496
4.66496
4.66491
4.66491
2.9179
2.9179
4.6648
4.6648
2.91784
2.91784
4.6647
4.6647
2.91778
2.91778
4.6646
4.6646
2.91772
2.91772
4.66449
4.66449
2.91766
2.91766
4.66439
4.66439
2.9176
2.9176
4.66428
4.66428
2.91755
2.91755
4.66418
4.66418
2.91749
2.91749
4.66407
4.66407
2.91743
2.91743
4.66397
4.66397
4.66392
4.66392
2.91731
2.91731
4.66381
4.66381
2.91725
2.91725
4.66371
4.66371
2.91719
2.91719
4.66361
4.66361
2.91713
2.91713
4.6635
4.6635
2.91707
2.91707
4.6634
4.6634
4.66334
4.66334
2.91695
2.91695
4.66324
4.66324
2.91689
2.91689
4.66314
4.66314
2.91683
2.91683
4.66303
4.66303
2.91678
2.91678
4.66292
4.66292
2.91672
2.91672
4.66282
4.66282
2.91666
2.91666
4.66272
4.66272
4.66267
4.66267
2.91654
2.91654
4.66256
4.66256
2.91648
2.91648
4.66246
4.66246
2.91642
2.91642
4.66235
4.66235
2.91636
2.91636
4.66225
4.66225
2.91631
2.91631
4.66215
4.66215
4.66209
4.66209
2.91619
2.91619
4.66199
4.66199
2.91613
2.91613
4.66189
4.66189
2.91607
2.91607
4.66178
4.66178
2.91601
2.91601
4.66168
4.66168
2.91595
2.91595
4.66157
4.66157
4.66152
4.66152
2.91583
2.91583
4.66141
4.66141
2.91577
2.91577
4.66131
4.66131
2.91571
2.91571
4.6612
4.6612
2.91565
2.91565
4.6611
4.6611
2.91559
2.91559
4.661
4.661
2.91553
2.91553
4.66089
4.66089
2.91547
2.91547
4.66079
4.66079
2.91541
2.91541
4.66069
4.66069
4.66063
4.66063
4.66058
4.66058
2.91524
2.91524
4.66048
4.66048
2.91518
2.91518
4.66037
4.66037
2.91513
2.91513
4.66027
4.66027
2.91507
2.91507
4.66016
4.66016
2.91501
2.91501
4.66006
4.66006
2.91495
2.91495
4.65996
4.65996
2.91489
2.91489
4.65985
4.65985
2.91483
2.91483
4.65975
4.65975
2.91477
2.91477
4.65964
4.65964
4.65959
4.65959
2.91466
2.91466
4.65948
4.65948
2.9146
2.9146
4.65938
4.65938
2.91454
2.91454
4.65928
4.65928
2.91448
2.91448
4.65917
4.65917
4.65912
4.65912
2.91437
2.91437
4.65902
4.65902
2.91431
2.91431
4.65892
4.65892
2.91425
2.91425
4.65881
4.65881
2.91419
2.91419
4.65871
4.65871
4.65865
4.65865
2.91408
2.91408
4.65855
4.65855
2.91402
2.91402
4.65844
4.65844
2.91396
2.91396
4.65834
4.65834
2.9139
2.9139
4.65823
4.65823
2.91384
2.91384
4.65813
4.65813
4.65808
4.65808
2.91372
2.91372
4.65797
4.65797
2.91366
2.91366
4.65787
4.65787
2.9136
2.9136
4.65777
4.65777
2.91355
2.91355
4.65766
4.65766
2.91349
2.91349
4.65756
4.65756
2.91343
2.91343
4.65745
4.65745
2.91337
2.91337
4.65735
4.65735
4.6573
4.6573
4.65725
4.65725
2.9132
2.9132
4.65714
4.65714
2.91314
2.91314
4.65704
4.65704
4.65704
4.65704
4.64277
4.64277
2.90436
2.90436
4.64267
4.64267
2.9043
2.9043
2.9043
2.9043
2.90441
2.90441
4.64277
4.64277
2.90436
2.90436
4.64267
4.64267
2.9043
2.9043
4.64256
4.64256
2.90424
2.90424
4.64246
4.64246
4.64241
4.64241
4.64235
4.64235
2.90407
2.90407
4.64225
4.64225
2.90401
2.90401
4.64215
4.64215
2.90396
2.90396
4.64204
4.64204
2.9039
2.9039
4.64194
4.64194
2.90384
2.90384
4.64184
4.64184
2.90378
2.90378
4.64173
4.64173
2.90372
2.90372
4.64163
4.64163
2.90366
2.90366
4.64153
4.64153
2.9036
2.9036
4.64142
4.64142
2.90354
2.90354
4.64132
4.64132
4.64127
4.64127
4.64122
4.64122
2.90337
2.90337
4.64111
4.64111
2.90332
2.90332
4.64101
4.64101
2.90326
2.90326
4.64091
4.64091
2.9032
2.9032
4.6408
4.6408
2.90314
2.90314
4.6407
4.6407
2.90308
2.90308
4.6406
4.6406
2.90302
2.90302
4.64049
4.64049
2.90296
2.90296
4.64039
4.64039
2.9029
2.9029
4.64029
4.64029
4.64024
4.64024
2.90279
2.90279
4.64013
4.64013
2.90273
2.90273
4.64003
4.64003
2.90267
2.90267
4.63993
4.63993
2.90261
2.90261
4.63982
4.63982
4.63977
4.63977
2.9025
2.9025
4.63967
4.63967
2.90244
2.90244
4.63956
4.63956
2.90238
2.90238
4.63946
4.63946
2.90232
2.90232
4.63936
4.63936
2.90226
2.90226
4.63925
4.63925
2.9022
2.9022
4.63915
4.63915
4.6391
4.6391
2.90209
2.90209
4.639
4.639
2.90203
2.90203
4.63889
4.63889
2.90197
2.90197
4.63879
4.63879
2.90191
2.90191
4.63869
4.63869
2.90186
2.90186
4.63858
4.63858
4.63853
4.63853
2.90174
2.90174
4.63843
4.63843
2.90168
2.90168
4.63832
4.63832
2.90162
2.90162
4.63822
4.63822
2.90156
2.90156
4.63812
4.63812
2.9015
2.9015
4.63801
4.63801
2.90144
2.90144
4.63791
4.63791
4.63786
4.63786
2.90133
2.90133
4.63776
4.63776
2.90127
2.90127
4.63765
4.63765
2.90121
2.90121
4.63755
4.63755
2.90115
2.90115
4.63745
4.63745
2.90109
2.90109
4.63734
4.63734
2.90103
2.90103
4.63724
4.63724
4.63719
4.63719
2.90092
2.90092
4.63708
4.63708
2.90086
2.90086
4.63698
4.63698
2.9008
2.9008
4.63688
4.63688
2.90074
2.90074
4.63678
4.63678
2.90068
2.90068
4.63667
4.63667
2.90062
2.90062
4.63657
4.63657
2.90056
2.90056
4.63647
4.63647
4.63642
4.63642
2.90044
2.90044
4.63631
4.63631
2.90038
2.90038
4.63621
4.63621
2.90033
2.90033
4.63611
4.63611
2.90027
2.90027
4.636
4.636
2.90021
2.90021
4.6359
4.6359
4.63585
4.63585
2.9001
2.9001
4.63574
4.63574
2.90004
2.90004
4.63564
4.63564
2.89998
2.89998
4.63554
4.63554
2.89992
2.89992
4.63544
4.63544
2.89986
2.89986
4.63533
4.63533
4.63528
4.63528
2.89975
2.89975
4.63518
4.63518
2.89969
2.89969
4.63507
4.63507
2.89963
2.89963
4.63497
4.63497
2.89957
2.89957
4.63487
4.63487
2.89951
2.89951
4.63476
4.63476
2.89945
2.89945
4.63466
4.63466
4.63461
4.63461
2.89934
2.89934
4.63451
4.63451
2.89928
2.89928
4.6344
4.6344
2.89922
2.89922
4.6343
4.6343
2.89916
2.89916
4.6342
4.6342
2.8991
2.8991
4.63409
4.63409
4.63404
4.63404
2.89899
2.89899
4.63394
4.63394
2.89893
2.89893
4.63384
4.63384
2.89887
2.89887
4.63373
4.63373
2.89881
2.89881
4.63363
4.63363
2.89875
2.89875
4.63353
4.63353
2.89869
2.89869
4.63342
4.63342
4.63337
4.63337
2.89858
2.89858
4.63327
4.63327
2.89852
2.89852
4.63317
4.63317
2.89846
2.89846
4.63306
4.63306
2.8984
