6.9531e-310
6.9531e-310
5.12733
5.12733
5.1205
5.1205
5.12098
5.12098
5.12391
5.12391
5.13221
5.13221
5.13123
5.13123
5.12001
5.12001
5.10634
5.10634
5.15612
5.15612
5.13953
5.13953
5.11513
5.11513
5.10488
5.10488
5.11806
5.11806
5.12782
5.12782
5.12928
5.12928
5.09707
5.09707
5.17369
5.17369
5.08194
5.08194
5.1527
5.1527
5.13123
5.13123
5.10439
5.10439
5.09756
5.09756
5.15124
5.15124
5.07804
5.07804
5.12977
5.12977
5.16051
5.16051
5.0717
5.0717
5.1649
5.1649
5.09317
5.09317
5.12879
5.12879
5.16588
5.16588
5.09414
5.09414
5.14636
5.14636
5.12098
5.12098
5.18247
5.18247
5.10098
5.10098
5.17222
5.17222
5.12245
5.12245
5.13026
5.13026
5.11513
5.11513
5.1161
5.1161
5.07414
5.07414
5.17954
5.17954
5.08194
5.08194
5.1571
5.1571
5.10976
5.10976
5.14685
5.14685
5.10976
5.10976
5.12391
5.12391
5.10098
5.10098
5.19272
5.19272
5.16002
5.16002
5.14734
5.14734
5.17271
5.17271
5.11708
5.11708
5.11513
5.11513
5.11903
5.11903
5.12391
5.12391
5.10439
5.10439
5.13611
5.13611
5.13123
5.13123
5.12635
5.12635
5.13806
5.13806
5.1283
5.1283
5.12928
5.12928
5.11903
5.11903
5.13416
5.13416
5.10049
5.10049
5.16344
5.16344
5.12147
5.12147
5.10293
5.10293
5.17906
5.17906
5.09512
5.09512
5.09756
5.09756
5.13611
5.13611
5.09561
5.09561
5.12733
5.12733
5.09268
5.09268
5.13855
5.13855
5.12489
5.12489
5.15319
5.15319
5.14782
5.14782
5.09512
5.09512
5.14099
5.14099
5.09854
5.09854
5.12977
5.12977
5.09512
5.09512
5.13318
5.13318
5.11318
5.11318
5.13611
5.13611
5.11952
5.11952
5.12928
5.12928
5.1283
5.1283
5.1161
5.1161
5.11659
5.11659
5.11025
5.11025
5.1
5.1
5.11708
5.11708
5.1161
5.1161
5.12098
5.12098
5.12245
5.12245
5.14002
5.14002
5.10927
5.10927
5.12879
5.12879
5.09951
5.09951
5.10293
5.10293
5.1732
5.1732
5.10488
5.10488
5.14002
5.14002
5.11074
5.11074
5.14587
5.14587
5.1161
5.1161
5.11025
5.11025
5.11659
5.11659
5.13611
5.13611
5.13416
5.13416
5.10683
5.10683
5.1161
5.1161
5.14294
5.14294
5.14929
5.14929
5.09951
5.09951
5.13465
5.13465
5.11659
5.11659
5.09366
5.09366
5.11074
5.11074
5.12098
5.12098
5.15856
5.15856
5.10927
5.10927
5.11757
5.11757
5.08243
5.08243
5.13806
5.13806
5.10683
5.10683
5.12586
5.12586
5.1366
5.1366
5.0878
5.0878
5.16978
5.16978
5.07121
5.07121
5.15222
5.15222
5.13904
5.13904
5.08146
5.08146
5.16149
5.16149
5.09707
5.09707
5.16149
5.16149
5.09512
5.09512
5.15222
5.15222
5.09317
5.09317
5.1405
5.1405
5.10488
5.10488
5.16393
5.16393
5.11171
5.11171
5.13026
5.13026
5.1083
5.1083
5.15612
5.15612
5.11269
5.11269
5.1161
5.1161
5.10146
5.10146
5.09463
5.09463
5.13709
5.13709
5.11269
5.11269
5.10049
5.10049
5.11513
5.11513
5.10878
5.10878
5.16149
5.16149
5.06877
5.06877
5.12684
5.12684
5.04876
5.04876
5.18003
5.18003
5.0917
5.0917
5.16686
5.16686
5.08682
5.08682
5.14587
5.14587
5.0756
5.0756
5.14685
5.14685
5.10586
5.10586
5.0839
5.0839
5.16198
5.16198
5.08829
5.08829
5.17271
5.17271
5.08829
5.08829
5.15612
5.15612
5.11318
5.11318
5.10439
5.10439
5.15466
5.15466
5.1205
5.1205
5.13562
5.13562
5.09561
5.09561
5.11122
5.11122
5.08975
5.08975
5.12489
5.12489
5.11806
5.11806
5.12294
5.12294
5.12538
5.12538
5.12245
5.12245
5.12294
5.12294
5.12196
5.12196
5.13123
5.13123
5.12391
5.12391
5.12147
5.12147
5.12782
5.12782
5.12098
5.12098
5.12342
5.12342
5.12879
5.12879
5.10976
5.10976
5.1527
5.1527
5.11757
5.11757
5.14343
5.14343
5.11025
5.11025
5.0917
5.0917
5.10781
5.10781
5.14392
5.14392
5.12733
5.12733
5.13416
5.13416
5.11757
5.11757
5.08243
5.08243
9.17578
9.17578
4.46511
4.46511
5.80565
5.80565
5.38694
5.38694
5.13221
5.13221
5.29959
5.29959
4.17134
4.17134
3.59647
3.59647
6.03452
6.03452
4.78768
4.78768
5.5353
5.5353
5.45673
5.45673
4.2338
4.2338
5.46649
5.46649
4.54954
4.54954
4.50513
4.50513
4.7501
4.7501
5.28983
5.28983
5.00972
5.00972
5.20687
5.20687
5.9174
5.9174
4.98142
4.98142
4.81159
4.81159
5.07462
5.07462
4.86039
4.86039
4.7828
4.7828
5.30057
5.30057
5.26397
5.26397
5.30106
5.30106
5.34693
5.34693
5.36742
5.36742
5.17808
5.17808
4.87845
4.87845
5.04925
5.04925
5.16393
5.16393
4.51245
4.51245
5.5309
5.5309
5.08585
5.08585
4.70033
4.70033
5.61874
5.61874
4.91066
4.91066
4.5671
4.5671
5.39231
5.39231
4.92139
4.92139
4.81159
4.81159
5.28788
5.28788
5.15856
5.15856
5.20004
5.20004
5.52944
5.52944
4.91163
4.91163
4.8438
4.8438
5.09805
5.09805
5.00386
5.00386
4.49537
4.49537
5.6651
5.6651
4.87698
4.87698
5.17466
5.17466
5.2303
5.2303
5.06242
5.06242
5.0634
5.0634
4.78475
4.78475
5.0268
5.0268
5.11952
5.11952
4.95506
4.95506
4.9087
4.9087
5.10732
5.10732
5.00386
5.00386
5.08292
5.08292
4.86186
4.86186
5.08926
5.08926
4.82379
4.82379
4.93994
4.93994
4.75645
4.75645
5.07853
5.07853
4.96873
4.96873
4.95506
4.95506
4.96092
4.96092
4.89797
4.89797
4.94872
4.94872
5.12098
5.12098
5.0063
5.0063
4.87552
4.87552
5.39524
5.39524
4.917
4.917
4.93359
4.93359
4.70179
4.70179
5.26446
5.26446
5.15514
5.15514
4.65006
4.65006
4.9087
4.9087
5.27763
5.27763
4.82721
4.82721
5.06194
5.06194
5.09707
5.09707
5.12635
5.12635
4.7257
4.7257
5.4577
5.4577
5.19906
5.19906
4.92042
4.92042
4.94384
4.94384
5.26787
5.26787
4.96482
4.96482
4.95946
4.95946
5.40598
5.40598
4.87357
4.87357
4.93457
4.93457
5.50504
5.50504
5.22883
5.22883
4.97166
4.97166
5.49089
5.49089
5.30057
5.30057
4.8194
4.8194
5.2059
5.2059
5.1649
5.1649
4.68666
4.68666
5.15075
5.15075
5.46649
5.46649
4.6325
4.6325
5.15173
5.15173
5.48015
5.48015
4.78524
4.78524
5.08097
5.08097
5.49723
5.49723
4.65836
4.65836
5.02338
5.02338
5.32497
5.32497
4.9619
4.9619
5.0429
5.0429
5.27519
5.27519
5.19418
5.19418
4.81257
4.81257
5.15905
5.15905
5.40402
5.40402
4.76572
4.76572
4.87259
4.87259
5.54652
5.54652
4.99947
4.99947
4.85893
4.85893
5.62216
5.62216
4.97166
4.97166
4.83258
4.83258
5.54262
5.54262
4.76474
4.76474
5.05998
5.05998
5.38646
5.38646
5.26494
5.26494
5.14002
5.14002
5.53334
5.53334
5.04095
5.04095
5.23566
5.23566
5.03851
5.03851
5.48796
5.48796
4.9902
4.9902
5.31716
5.31716
4.87747
4.87747
5.45819
5.45819
4.95116
4.95116
5.0229
5.0229
5.09366
5.09366
5.49918
5.49918
5.02826
5.02826
4.98971
4.98971
5.19955
5.19955
5.2991
5.2991
5.3845
5.3845
5.21907
5.21907
5.39768
5.39768
4.94286
4.94286
5.19858
5.19858
5.0351
5.0351
5.46942
5.46942
5.15319
5.15319
5.30789
5.30789
5.05706
5.05706
5.19809
5.19809
5.22493
5.22493
5.24201
5.24201
5.27226
5.27226
4.97654
4.97654
5.34205
5.34205
5.161
5.161
5.2098
5.2098
5.23078
5.23078
5.2342
5.2342
5.25958
5.25958
5.19321
5.19321
5.17271
5.17271
5.10488
5.10488
5.22981
5.22981
5.33229
5.33229
5.22054
5.22054
5.15319
5.15319
5.18735
5.18735
5.15856
5.15856
5.11122
5.11122
5.28007
5.28007
5.33082
5.33082
5.08292
5.08292
5.23664
5.23664
5.32887
5.32887
5.17954
5.17954
5.33278
5.33278
5.2059
5.2059
5.13953
5.13953
5.12928
5.12928
5.30545
5.30545
5.19614
5.19614
5.17466
5.17466
5.22346
5.22346
5.26836
5.26836
5.14831
5.14831
5.10586
5.10586
5.24542
5.24542
5.41183
5.41183
5.27324
5.27324
5.01411
5.01411
5.07511
5.07511
5.16588
5.16588
5.12782
5.12782
5.29959
5.29959
5.1732
5.1732
5.09805
5.09805
5.26055
5.26055
5.26055
5.26055
5.12586
5.12586
5.05266
5.05266
5.09951
5.09951
5.10878
5.10878
5.20834
5.20834
5.20834
5.20834
5.12586
5.12586
5.05266
5.05266
5.09951
5.09951
5.10878
5.10878
5.20834
5.20834
5.09122
5.09122
5.05022
5.05022
5.20102
5.20102
5.01704
5.01704
5.21566
5.21566
4.92139
4.92139
5.16246
5.16246
5.01558
5.01558
5.12147
5.12147
5.24786
5.24786
5.09317
5.09317
5.03851
5.03851
5.10878
5.10878
4.99947
4.99947
5.12538
5.12538
5.2059
5.2059
5.21566
5.21566
5.13172
5.13172
5.03802
5.03802
5.04632
5.04632
5.07902
5.07902
5.10878
5.10878
5.17174
5.17174
5.1122
5.1122
5.05559
5.05559
5.11415
5.11415
5.09219
5.09219
5.10781
5.10781
5.13026
5.13026
5.12586
5.12586
5.10244
5.10244
5.09756
5.09756
5.12147
5.12147
5.1
5.1
5.10146
5.10146
5.15173
5.15173
5.09561
5.09561
5.09366
5.09366
5.03998
5.03998
5.09268
5.09268
5.12391
5.12391
5.15856
5.15856
5.12538
5.12538
5.11074
5.11074
5.04242
5.04242
5.15075
5.15075
5.08243
5.08243
5.0917
5.0917
5.10342
5.10342
5.14099
5.14099
5.16442
5.16442
5.06877
5.06877
5.10683
5.10683
5.13953
5.13953
5.06291
5.06291
5.17515
5.17515
5.20004
5.20004
5.00289
5.00289
5.08682
5.08682
5.09122
5.09122
5.08878
5.08878
5.26397
5.26397
5.1449
5.1449
5.10488
5.10488
5.09317
5.09317
4.90431
4.90431
5.16149
5.16149
5.24006
5.24006
5.10878
5.10878
5.23371
5.23371
4.97556
4.97556
4.97214
4.97214
5.21468
5.21468
5.04486
5.04486
5.22883
5.22883
5.21273
5.21273
5.01021
5.01021
5.16978
5.16978
5.11562
5.11562
5.17515
5.17515
5.28154
5.28154
4.98288
4.98288
5.03168
5.03168
5.12586
5.12586
5.03558
5.03558
5.3035
5.3035
5.16246
5.16246
5.02875
5.02875
5.15856
5.15856
4.98727
4.98727
5.1488
5.1488
5.21126
5.21126
5.05608
5.05608
5.2586
5.2586
4.9819
4.9819
5.07365
5.07365
5.19662
5.19662
5.14002
5.14002
5.1732
5.1732
5.16588
5.16588
5.05218
5.05218
5.09268
5.09268
5.17515
5.17515
5.15026
5.15026
5.17954
5.17954
5.19662
5.19662
5.12635
5.12635
5.07218
5.07218
5.07511
5.07511
5.1
5.1
5.14246
5.14246
5.14099
5.14099
5.17125
5.17125
5.13855
5.13855
5.13074
5.13074
5.13758
5.13758
5.10732
5.10732
5.04583
5.04583
5.05169
5.05169
5.18394
5.18394
5.21126
5.21126
5.17613
5.17613
5.17418
5.17418
5.13074
5.13074
5.06145
5.06145
5.07804
5.07804
5.08438
5.08438
5.19516
5.19516
5.17515
5.17515
5.18198
5.18198
5.1283
5.1283
5.11122
5.11122
5.10195
5.10195
5.09854
5.09854
5.07267
5.07267
5.1283
5.1283
5.17466
5.17466
5.1649
5.1649
5.16442
5.16442
5.17515
5.17515
5.13758
5.13758
5.10732
5.10732
5.08146
5.08146
5.15319
5.15319
5.11854
5.11854
5.13514
5.13514
5.14685
5.14685
5.14929
5.14929
5.17613
5.17613
5.1083
5.1083
5.12684
5.12684
5.10488
5.10488
5.1327
5.1327
5.12245
5.12245
5.11757
5.11757
5.15368
5.15368
5.11952
5.11952
5.12733
5.12733
5.12782
5.12782
5.13221
5.13221
5.13611
5.13611
5.10098
5.10098
5.07511
5.07511
5.08926
5.08926
5.13416
5.13416
5.17271
5.17271
5.1771
5.1771
5.15368
5.15368
5.13465
5.13465
5.10732
5.10732
5.05608
5.05608
5.09366
5.09366
5.13172
5.13172
5.13953
5.13953
5.17808
5.17808
5.12538
5.12538
5.08194
5.08194
5.08146
5.08146
5.09561
5.09561
5.14587
5.14587
5.16978
5.16978
5.16002
5.16002
5.12098
5.12098
5.11318
5.11318
5.11562
5.11562
5.15954
5.15954
5.13367
5.13367
5.07804
5.07804
5.12489
5.12489
