6.9531e-310
6.9531e-310
4.21404
4.21404
2.64082
2.64082
4.21395
4.21395
2.64078
2.64078
4.21387
4.21387
2.64073
2.64073
4.21378
4.21378
2.64068
2.64068
4.2137
4.2137
4.21365
4.21365
2.64058
2.64058
4.21357
4.21357
2.64053
2.64053
4.21348
4.21348
2.64049
2.64049
4.2134
4.2134
2.64044
2.64044
4.21331
4.21331
2.64039
2.64039
4.21323
4.21323
4.21318
4.21318
4.21314
4.21314
2.64025
2.64025
4.21306
4.21306
2.64021
2.64021
4.21297
4.21297
2.64016
2.64016
4.21289
4.21289
2.64011
2.64011
4.2128
4.2128
2.64006
2.64006
4.21272
4.21272
2.64001
2.64001
4.21263
4.21263
2.63996
2.63996
4.21255
4.21255
2.63992
2.63992
4.21246
4.21246
4.21242
4.21242
2.63982
2.63982
4.21233
4.21233
2.63977
2.63977
4.21225
4.21225
2.63972
2.63972
4.21216
4.21216
2.63967
2.63967
4.21208
4.21208
4.21203
4.21203
2.63958
2.63958
4.21195
4.21195
2.63953
2.63953
4.21186
4.21186
2.63949
2.63949
4.21178
4.21178
2.63944
2.63944
4.21169
4.21169
2.63939
2.63939
4.21161
4.21161
4.21157
4.21157
2.63929
2.63929
4.21148
4.21148
2.63925
2.63925
4.21139
4.21139
2.6392
2.6392
4.21131
4.21131
2.63915
2.63915
4.21122
4.21122
2.6391
2.6391
4.21114
4.21114
4.2111
4.2111
2.639
2.639
4.21101
4.21101
2.63896
2.63896
4.21093
4.21093
2.63891
2.63891
4.21084
4.21084
2.63886
2.63886
4.21076
4.21076
2.63881
2.63881
4.21067
4.21067
4.21063
4.21063
2.63872
2.63872
4.21054
4.21054
2.63867
2.63867
4.21046
4.21046
2.63862
2.63862
4.21037
4.21037
2.63857
2.63857
4.21029
4.21029
4.21024
4.21024
2.63848
2.63848
4.21016
4.21016
2.63843
2.63843
4.21007
4.21007
2.63838
2.63838
4.20999
4.20999
2.63833
2.63833
4.2099
4.2099
2.63829
2.63829
4.20982
4.20982
2.63824
2.63824
4.20973
4.20973
4.20969
4.20969
4.20965
4.20965
2.6381
2.6381
4.20956
4.20956
2.63805
2.63805
4.20948
4.20948
2.63801
2.63801
4.20939
4.20939
2.63796
2.63796
4.20931
4.20931
2.63791
2.63791
4.20922
4.20922
2.63786
2.63786
4.20914
4.20914
2.63781
2.63781
4.20905
4.20905
2.63776
2.63776
4.20897
4.20897
4.20893
4.20893
2.63767
2.63767
4.20884
4.20884
2.63762
2.63762
4.20876
4.20876
2.63757
2.63757
4.20867
4.20867
2.63752
2.63752
4.20859
4.20859
4.20854
4.20854
2.63743
2.63743
4.20846
4.20846
2.63738
2.63738
4.20837
4.20837
2.63733
2.63733
4.20829
4.20829
2.63729
2.63729
4.2082
4.2082
2.63724
2.63724
4.20812
4.20812
4.20807
4.20807
2.63714
2.63714
4.20799
4.20799
2.63709
2.63709
4.2079
4.2079
2.63704
2.63704
4.20782
4.20782
2.637
2.637
4.20774
4.20774
2.63695
2.63695
4.20765
4.20765
2.6369
2.6369
4.20756
4.20756
4.20752
4.20752
2.6368
2.6368
4.20744
4.20744
2.63675
2.63675
4.20735
4.20735
2.63671
2.63671
4.20727
4.20727
2.63666
2.63666
4.20718
4.20718
2.63661
2.63661
4.2071
4.2071
4.20706
4.20706
2.63652
2.63652
4.20697
4.20697
2.63647
2.63647
4.20688
4.20688
2.63642
2.63642
4.2068
4.2068
2.63637
2.63637
4.20671
4.20671
2.63632
2.63632
4.20663
4.20663
4.20659
4.20659
2.63622
2.63622
4.2065
4.2065
2.63618
2.63618
4.20642
4.20642
2.63613
2.63613
4.20633
4.20633
2.63608
2.63608
4.20625
4.20625
2.63603
2.63603
4.20616
4.20616
2.63598
2.63598
4.20608
4.20608
4.20604
4.20604
2.63589
2.63589
4.20595
4.20595
2.63584
2.63584
4.20587
4.20587
2.63579
2.63579
4.20578
4.20578
2.63574
2.63574
4.2057
4.2057
4.20565
4.20565
2.63565
2.63565
4.20557
4.20557
2.6356
2.6356
4.20548
4.20548
2.63555
2.63555
4.2054
4.2054
2.63551
2.63551
4.20531
4.20531
2.63546
2.63546
4.20523
4.20523
4.20519
4.20519
2.63536
2.63536
4.2051
4.2051
2.63532
2.63532
4.20502
4.20502
2.63527
2.63527
4.2049
4.2049
2.63518
2.63518
4.20484
4.20484
2.63513
2.63513
4.20476
4.20476
2.63508
2.63508
4.20468
4.20468
2.63504
2.63504
4.20458
4.20458
2.63497
2.63497
4.2045
4.2045
2.63492
2.63492
4.20443
4.20443
2.63488
2.63488
4.20434
4.20434
2.63484
2.63484
4.20425
4.20425
2.63479
2.63479
4.20417
4.20417
2.63474
2.63474
4.20408
4.20408
2.63469
2.63469
4.204
4.204
2.63464
2.63464
4.20391
4.20391
2.63459
2.63459
4.20383
4.20383
4.20378
4.20378
2.63449
2.63449
4.2037
4.2037
2.63445
2.63445
4.20361
4.20361
2.6344
2.6344
4.20353
4.20353
2.63435
2.63435
4.20345
4.20345
4.2034
4.2034
2.63425
2.63425
4.20332
4.20332
2.63421
2.63421
4.20323
4.20323
2.63417
2.63417
4.20315
4.20315
2.63411
2.63411
4.20307
4.20307
2.63406
2.63406
4.20298
4.20298
4.20294
4.20294
2.63397
2.63397
4.20285
4.20285
2.63393
2.63393
4.20277
4.20277
2.63388
2.63388
4.20269
4.20269
2.63383
2.63383
4.2026
4.2026
4.20255
4.20255
4.20251
4.20251
2.6337
2.6337
4.20243
4.20243
2.63365
2.63365
4.20234
4.20234
2.6336
2.6336
4.20226
4.20226
2.63356
2.63356
4.20217
4.20217
2.63351
2.63351
4.20209
4.20209
2.63346
2.63346
4.20201
4.20201
2.63341
2.63341
4.20192
4.20192
2.63336
2.63336
4.20184
4.20184
2.63331
2.63331
4.20175
4.20175
2.63326
2.63326
4.20167
4.20167
4.20163
4.20163
2.63316
2.63316
4.20154
4.20154
2.63312
2.63312
4.20145
4.20145
2.63306
2.63306
4.20137
4.20137
2.63302
2.63302
4.20128
4.20128
2.63296
2.63296
4.20121
4.20121
2.63292
2.63292
4.20112
4.20112
4.20108
4.20108
2.63283
2.63283
4.20099
4.20099
2.63278
2.63278
4.20091
4.20091
2.63273
2.63273
4.20082
4.20082
2.63269
2.63269
4.20074
4.20074
4.20069
4.20069
2.63259
2.63259
4.20061
4.20061
2.63254
2.63254
4.20053
4.20053
2.6325
2.6325
4.20044
4.20044
2.63245
2.63245
4.20036
4.20036
4.20031
4.20031
2.63235
2.63235
4.20023
4.20023
2.63231
2.63231
4.20014
4.20014
2.63226
2.63226
4.20006
4.20006
2.63221
2.63221
4.19998
4.19998
2.63217
2.63217
4.19989
4.19989
2.63211
2.63211
4.19981
4.19981
4.19976
4.19976
4.19973
4.19973
2.63198
2.63198
4.19964
4.19964
2.63193
2.63193
4.19955
4.19955
2.63188
2.63188
4.19947
4.19947
2.63184
2.63184
4.19938
4.19938
2.63179
2.63179
4.1993
4.1993
2.63174
2.63174
4.19921
4.19921
2.63169
2.63169
4.19913
4.19913
2.63164
2.63164
4.19905
4.19905
2.6316
2.6316
4.19896
4.19896
4.19892
4.19892
4.19888
4.19888
2.63146
2.63146
4.19879
4.19879
2.63141
2.63141
4.1987
4.1987
2.63136
2.63136
4.19862
4.19862
2.63131
2.63131
4.19854
4.19854
2.63126
2.63126
4.19845
4.19845
2.63121
2.63121
4.19837
4.19837
2.63116
2.63116
4.19829
4.19829
2.63111
2.63111
4.1982
4.1982
2.63106
2.63106
4.19812
4.19812
2.63101
2.63101
4.19803
4.19803
2.63096
2.63096
4.19795
4.19795
2.63091
2.63091
4.19786
4.19786
2.63087
2.63087
4.19778
4.19778
4.19773
4.19773
4.19769
4.19769
4.19765
4.19765
2.63069
2.63069
4.19757
4.19757
2.63064
2.63064
4.19748
4.19748
2.63059
2.63059
4.1974
4.1974
2.63055
2.63055
4.19731
4.19731
2.6305
2.6305
4.19723
4.19723
2.63045
2.63045
4.19714
4.19714
2.63041
2.63041
4.19706
4.19706
2.63036
2.63036
4.19697
4.19697
2.63031
2.63031
4.19689
4.19689
2.63026
2.63026
4.1968
4.1968
4.19676
4.19676
4.19672
4.19672
2.63012
2.63012
4.19663
4.19663
2.63008
2.63008
4.19655
4.19655
2.63003
2.63003
4.19647
4.19647
2.62998
2.62998
4.19638
4.19638
2.62993
2.62993
4.1963
4.1963
2.62988
2.62988
4.19621
4.19621
2.62984
2.62984
4.19613
4.19613
2.62979
2.62979
4.19604
4.19604
4.196
4.196
4.19596
4.19596
2.62965
2.62965
4.19587
4.19587
2.62961
2.62961
4.19579
4.19579
2.62956
2.62956
4.19571
4.19571
2.62951
2.62951
4.19562
4.19562
2.62946
2.62946
4.19554
4.19554
4.19554
4.19554
4.18396
4.18396
2.62229
2.62229
4.18388
4.18388
4.18383
4.18383
2.62219
2.62219
2.62219
2.62219
4.18396
4.18396
2.62229
2.62229
4.18388
4.18388
4.18383
4.18383
2.62219
2.62219
4.18375
4.18375
2.62215
2.62215
4.18367
4.18367
2.6221
2.6221
4.18358
4.18358
2.62205
2.62205
4.1835
4.1835
2.622
2.622
4.18341
4.18341
4.18337
4.18337
2.6219
2.6219
4.18329
4.18329
2.62186
2.62186
4.18321
4.18321
2.62181
2.62181
4.18312
4.18312
2.62176
2.62176
4.18304
4.18304
2.62172
2.62172
4.18295
4.18295
2.62167
2.62167
4.18287
4.18287
4.18283
4.18283
2.62157
2.62157
4.18274
4.18274
2.62153
2.62153
4.18266
4.18266
2.62148
2.62148
4.18258
4.18258
2.62143
2.62143
4.18249
4.18249
4.18245
4.18245
2.62134
2.62134
4.18237
4.18237
2.62129
2.62129
4.18228
4.18228
2.62124
2.62124
4.1822
4.1822
2.6212
2.6212
4.18211
4.18211
2.62115
2.62115
4.18203
4.18203
4.18199
4.18199
2.62106
2.62106
4.18191
4.18191
2.62101
2.62101
4.18182
4.18182
2.62096
2.62096
4.18174
4.18174
2.62091
2.62091
4.18165
4.18165
2.62087
2.62087
4.18157
4.18157
4.18153
4.18153
2.62077
2.62077
4.18144
4.18144
2.62072
2.62072
4.18136
4.18136
2.62068
2.62068
4.18128
4.18128
2.62063
2.62063
4.18119
4.18119
2.62058
2.62058
4.18111
4.18111
4.18107
4.18107
2.62049
2.62049
4.18098
4.18098
2.62044
2.62044
4.1809
4.1809
2.62039
2.62039
4.18082
4.18082
2.62035
2.62035
4.18073
4.18073
2.6203
2.6203
4.18065
4.18065
4.1806
4.1806
2.6202
2.6202
4.18052
4.18052
2.62015
2.62015
4.18044
4.18044
2.62011
2.62011
4.18035
4.18035
2.62006
2.62006
4.18027
4.18027
2.62001
2.62001
4.18018
4.18018
2.61996
2.61996
4.1801
4.1801
4.18006
4.18006
2.61987
2.61987
4.17998
4.17998
2.61982
2.61982
4.17989
4.17989
2.61977
2.61977
4.17981
4.17981
2.61973
2.61973
4.17972
4.17972
2.61968
2.61968
4.17964
4.17964
4.1796
4.1796
4.17956
4.17956
2.61955
2.61955
4.17947
4.17947
2.6195
2.6195
4.17939
4.17939
2.61945
2.61945
4.17931
4.17931
2.61941
2.61941
4.17922
4.17922
2.61936
2.61936
4.17914
4.17914
2.61931
2.61931
4.17905
4.17905
2.61926
2.61926
4.17897
4.17897
2.61921
2.61921
4.17889
4.17889
2.61917
2.61917
4.1788
4.1788
4.17876
4.17876
4.17872
4.17872
2.61903
2.61903
4.17864
4.17864
2.61898
2.61898
4.17855
4.17855
2.61894
2.61894
4.17847
4.17847
2.61889
2.61889
4.17838
4.17838
2.61884
2.61884
4.1783
4.1783
2.61879
2.61879
4.17822
4.17822
2.61875
2.61875
4.17813
4.17813
2.6187
2.6187
4.17805
4.17805
4.17801
4.17801
2.61861
2.61861
4.17792
4.17792
2.61856
2.61856
4.17784
4.17784
2.61851
2.61851
4.17776
4.17776
2.61846
2.61846
4.17767
4.17767
4.17763
4.17763
2.61837
2.61837
4.17755
4.17755
2.61832
2.61832
4.17746
4.17746
2.61828
2.61828
4.17738
4.17738
2.61823
2.61823
4.1773
4.1773
2.61818
2.61818
4.17721
4.17721
4.17717
4.17717
2.61809
2.61809
4.17709
4.17709
2.61804
2.61804
4.177
4.177
2.61799
2.61799
4.17692
4.17692
2.61794
2.61794
4.17684
4.17684
2.6179
2.6179
4.17675
4.17675
4.17671
4.17671
2.6178
2.6178
4.17663
4.17663
2.61776
2.61776
4.17654
4.17654
2.61771
2.61771
4.17646
4.17646
2.61766
2.61766
4.17638
4.17638
2.61761
2.61761
4.17629
4.17629
4.17625
4.17625
2.61752
2.61752
4.17617
4.17617
2.61747
2.61747
4.17608
4.17608
2.61743
2.61743
4.176
4.176
2.61738
2.61738
4.17592
4.17592
2.61733
2.61733
